# WARNING | PUMAS | Some species, NO, HNO3, do not have optimized correlated-k tables for the defined moderate resolutions, and will be analyzed at sub-par resolutions. In particular, there will be issues at the line cores.
# WARNING | PUMAS | The maximum asymmetry has been capped to 0.10 for these high observing angles.
# 3D spectroscopic simulation - Spatial binning of 5 (212 calculations)
# ------------------------------------------------------------------------
# Radiance spectrum
# NASA-GSFC Planetary Spectrum Generator (PSG) (Villanueva et al. 2018, 2022)
# Synthesized on Mon Feb 26 14:14:51 2024
# Doppler velocities [km/s] (vobs,vrot+vorb,vwidth,vrfl,vstr): -21.10000,0.00000,0.00000,0.00000,-0.00092
# ------------------------------------------------------------------------
# Spectra synthesized with the Planetary and Universal Model of Atmospheric Scattering (PUMAS, Villanueva et al. 2018, 2022)
# Muliple scattering method employing PSGDORT, NMAX:2 / LMAX:4 / gMAX:0.01
# ------------------------------------------------------------------------
# Spectral unit: Wavelength [um]
# Radiance unit: Spectral radiance [W/sr/m2/um]
# Wave/freq Total Stellar Proxima-Cen-b
4.000000000e+00  5.1704962e-02  5.1704999e-02  3.5426137e-10
4.065400000e+00  4.9007643e-02  4.9007598e-02  2.7372627e-10
4.130800000e+00  4.6481282e-02  4.6481300e-02  2.6720734e-10
4.196200000e+00  4.4113271e-02  4.4113301e-02  6.5511209e-11
4.261600000e+00  4.1892052e-02  4.1892100e-02  5.3950270e-12
4.327000000e+00  3.9807018e-02  3.9806999e-02  1.0643180e-11
4.392400000e+00  3.7848424e-02  3.7848402e-02  4.5001983e-11
4.457800000e+00  3.6007319e-02  3.6007300e-02  4.1530054e-10
4.523200000e+00  3.4275469e-02  3.4275498e-02  4.5298474e-10
4.588600000e+00  3.2645293e-02  3.2645300e-02  4.6754143e-10
4.654000000e+00  3.1109803e-02  3.1109801e-02  4.8410218e-10
4.719400000e+00  2.9662563e-02  2.9662600e-02  4.2946025e-10
4.784800000e+00  2.8297631e-02  2.8297599e-02  5.2319391e-10
4.850200000e+00  2.7009521e-02  2.7009500e-02  6.6695403e-10
4.915600000e+00  2.5793158e-02  2.5793200e-02  6.1339796e-10
4.981000000e+00  2.4643855e-02  2.4643900e-02  6.4437040e-10
5.046400000e+00  2.3557272e-02  2.3557300e-02  6.7016555e-10
5.111800000e+00  2.2529386e-02  2.2529401e-02  7.7647033e-10
5.177200000e+00  2.1556474e-02  2.1556500e-02  9.4465789e-10
5.242600000e+00  2.0635077e-02  2.0635100e-02  1.0458179e-09
5.308000000e+00  1.9761988e-02  1.9762000e-02  1.0955424e-09
5.373400000e+00  1.8934226e-02  1.8934200e-02  1.2881760e-09
5.438800000e+00  1.8149022e-02  1.8149000e-02  1.7088822e-09
5.504200000e+00  1.7403799e-02  1.7403800e-02  1.7435211e-09
5.569600000e+00  1.6696160e-02  1.6696200e-02  2.0586692e-09
5.635000000e+00  1.6023869e-02  1.6023900e-02  2.1767830e-09
5.700400000e+00  1.5384847e-02  1.5384800e-02  2.3298447e-09
5.765800000e+00  1.4777151e-02  1.4777100e-02  2.4000313e-09
5.831200000e+00  1.4198971e-02  1.4199000e-02  2.5856597e-09
5.896600000e+00  1.3648616e-02  1.3648600e-02  2.5380096e-09
5.962000000e+00  1.3124504e-02  1.3124500e-02  2.6754626e-09
6.027400000e+00  1.2625158e-02  1.2625200e-02  2.8959196e-09
6.092800000e+00  1.2149197e-02  1.2149200e-02  2.9790419e-09
6.158200000e+00  1.1695328e-02  1.1695300e-02  3.4245551e-09
6.223600000e+00  1.1262338e-02  1.1262300e-02  3.9268019e-09
6.289000000e+00  1.0849093e-02  1.0849100e-02  4.2559133e-09
6.354400000e+00  1.0454528e-02  1.0454500e-02  3.9008485e-09
6.419800000e+00  1.0077644e-02  1.0077600e-02  3.7283804e-09
6.485200000e+00  9.7175061e-03  9.7174998e-03  3.7208159e-09
6.550600000e+00  9.3732332e-03  9.3732299e-03  3.8544570e-09
6.616000000e+00  9.0439983e-03  9.0439897e-03  3.9853704e-09
6.681400000e+00  8.7290251e-03  8.7290201e-03  4.8401612e-09
6.746800000e+00  8.4275815e-03  8.4275799e-03  5.5039141e-09
6.812200000e+00  8.1389789e-03  8.1389695e-03  5.3533662e-09
6.877600000e+00  7.8625708e-03  7.8625698e-03  5.5631224e-09
6.943000000e+00  7.5977465e-03  7.5977398e-03  5.5860311e-09
7.008400000e+00  7.3439315e-03  7.3439302e-03  5.9077108e-09
7.073800000e+00  7.1005827e-03  7.1005798e-03  5.5749997e-09
7.139200000e+00  6.8671904e-03  6.8671801e-03  6.1788684e-09
7.204600000e+00  6.6432698e-03  6.6432599e-03  5.7816942e-09
7.270000000e+00  6.4283671e-03  6.4283600e-03  5.9440557e-09
7.335400000e+00  6.2220508e-03  6.2220399e-03  5.8608065e-09
7.400800000e+00  6.0239134e-03  6.0239099e-03  4.6804944e-09
7.466200000e+00  5.8335738e-03  5.8335699e-03  5.9398169e-09
7.531600000e+00  5.6506630e-03  5.6506600e-03  4.1833100e-09
7.597000000e+00  5.4748433e-03  5.4748398e-03  5.9520751e-09
7.662400000e+00  5.3057817e-03  5.3057801e-03  4.0115604e-09
7.727800000e+00  5.1431755e-03  5.1431698e-03  4.2778980e-09
7.793200000e+00  4.9867303e-03  4.9867299e-03  4.5223380e-09
7.858600000e+00  4.8361698e-03  4.8361602e-03  5.4183555e-09
7.924000000e+00  4.6912292e-03  4.6912199e-03  4.9373522e-09
7.989400000e+00  4.5516607e-03  4.5516598e-03  4.2911108e-09
8.054800000e+00  4.4172289e-03  4.4172201e-03  4.5681440e-09
8.120200000e+00  4.2877081e-03  4.2877002e-03  4.3501971e-09
8.185600000e+00  4.1628863e-03  4.1628801e-03  4.7912406e-09
8.251000000e+00  4.0425602e-03  4.0425598e-03  4.8945693e-09
8.316400000e+00  3.9265376e-03  3.9265300e-03  4.7600123e-09
8.381800000e+00  3.8146358e-03  3.8146300e-03  4.7205357e-09
8.447200000e+00  3.7066812e-03  3.7066799e-03  4.8971918e-09
8.512600000e+00  3.6025085e-03  3.6025001e-03  5.2868869e-09
8.578000000e+00  3.5019593e-03  3.5019501e-03  5.1033520e-09
8.643400000e+00  3.4048846e-03  3.4048799e-03  5.0621462e-09
8.708800000e+00  3.3111418e-03  3.3111400e-03  5.1978205e-09
8.774200000e+00  3.2205948e-03  3.2205901e-03  5.3675647e-09
8.839600000e+00  3.1331140e-03  3.1331100e-03  5.3737881e-09
8.905000000e+00  3.0485762e-03  3.0485699e-03  5.5368574e-09
8.970400000e+00  2.9668633e-03  2.9668601e-03  5.5342770e-09
9.035800000e+00  2.8878636e-03  2.8878599e-03  5.6509796e-09
9.101200000e+00  2.8114696e-03  2.8114601e-03  5.7316802e-09
9.166600000e+00  2.7375793e-03  2.7375701e-03  5.9462034e-09
9.232000000e+00  2.6660953e-03  2.6660899e-03  6.3603420e-09
9.297400000e+00  2.5969240e-03  2.5969199e-03  6.6544826e-09
9.362800000e+00  2.5299764e-03  2.5299699e-03  6.7300410e-09
9.428200000e+00  2.4651667e-03  2.4651601e-03  5.9915303e-09
9.493600000e+00  2.4024143e-03  2.4024099e-03  4.9546250e-09
9.559000000e+00  2.3416438e-03  2.3416399e-03  6.0498349e-09
9.624400000e+00  2.2827768e-03  2.2827699e-03  5.1321752e-09
9.689800000e+00  2.2257461e-03  2.2257401e-03  6.1432274e-09
9.755200000e+00  2.1704809e-03  2.1704701e-03  6.2944019e-09
9.820600000e+00  2.1169174e-03  2.1169099e-03  6.8127206e-09
9.886000000e+00  2.0649927e-03  2.0649901e-03  7.2140115e-09
9.951400000e+00  2.0146470e-03  2.0146400e-03  7.3656080e-09
1.001680000e+01  1.9658231e-03  1.9658201e-03  7.2866691e-09
1.008220000e+01  1.9184666e-03  1.9184600e-03  7.1523735e-09
1.014760000e+01  1.8725250e-03  1.8725200e-03  7.2172740e-09
1.021300000e+01  1.8279480e-03  1.8279400e-03  7.3947346e-09
1.027840000e+01  1.7846873e-03  1.7846799e-03  7.5880773e-09
1.034380000e+01  1.7426962e-03  1.7426900e-03  7.4214554e-09
1.040920000e+01  1.7019306e-03  1.7019199e-03  7.2609946e-09
1.047460000e+01  1.6623486e-03  1.6623400e-03  7.5823958e-09
1.054000000e+01  1.6239084e-03  1.6239000e-03  7.7069879e-09
1.060540000e+01  1.5865709e-03  1.5865600e-03  7.6902418e-09
1.067080000e+01  1.5502986e-03  1.5502900e-03  7.6400835e-09
1.073620000e+01  1.5150552e-03  1.5150500e-03  7.5850100e-09
1.080160000e+01  1.4808061e-03  1.4808000e-03  7.6008035e-09
1.086700000e+01  1.4475178e-03  1.4475100e-03  7.6029144e-09
1.093240000e+01  1.4151582e-03  1.4151500e-03  7.6203699e-09
1.099780000e+01  1.3836965e-03  1.3836900e-03  7.7346424e-09
1.106320000e+01  1.3531028e-03  1.3530999e-03  7.6956487e-09
1.112860000e+01  1.3233487e-03  1.3233400e-03  7.7341236e-09
1.119400000e+01  1.2944068e-03  1.2944000e-03  7.7700757e-09
1.125940000e+01  1.2662507e-03  1.2662400e-03  7.9032052e-09
1.132480000e+01  1.2388548e-03  1.2388499e-03  7.8755416e-09
1.139020000e+01  1.2121948e-03  1.2121900e-03  7.9054377e-09
1.145560000e+01  1.1862471e-03  1.1862400e-03  7.9523287e-09
1.152100000e+01  1.1609889e-03  1.1609800e-03  7.9625817e-09
1.158640000e+01  1.1363985e-03  1.1363900e-03  7.9996200e-09
1.165180000e+01  1.1124549e-03  1.1124500e-03  8.0199362e-09
1.171720000e+01  1.0891379e-03  1.0891299e-03  8.2898890e-09
1.178260000e+01  1.0664274e-03  1.0664200e-03  8.1587585e-09
1.184800000e+01  1.0443051e-03  1.0443000e-03  8.1145385e-09
1.191340000e+01  1.0227529e-03  1.0227400e-03  8.1819328e-09
1.197880000e+01  1.0017530e-03  1.0017400e-03  8.1662737e-09
1.204420000e+01  9.8128864e-04  9.8128000e-04  8.2302493e-09
1.210960000e+01  9.6134361e-04  9.6133503e-04  8.3262758e-09
1.217500000e+01  9.4190202e-04  9.4189402e-04  8.3046913e-09
1.224040000e+01  9.2294892e-04  9.2294102e-04  8.4038768e-09
1.230580000e+01  9.0446963e-04  9.0446102e-04  8.5510254e-09
1.237120000e+01  8.8644996e-04  8.8644098e-04  8.6829699e-09
1.243660000e+01  8.6887627e-04  8.6886698e-04  8.7949191e-09
1.250200000e+01  8.5173550e-04  8.5172697e-04  8.9893201e-09
1.256740000e+01  8.3501471e-04  8.3500601e-04  9.0452129e-09
1.263280000e+01  8.1870327e-04  8.1869302e-04  1.0609759e-08
1.269820000e+01  8.0278425e-04  8.0277602e-04  8.6159698e-09
1.276360000e+01  7.8725201e-04  7.8724301e-04  8.8965898e-09
1.282900000e+01  7.7209297e-04  7.7208399e-04  8.9441532e-09
1.289440000e+01  7.5729671e-04  7.5728801e-04  9.0390724e-09
1.295980000e+01  7.4285296e-04  7.4284401e-04  9.2875003e-09
1.302520000e+01  7.2875165e-04  7.2874199e-04  9.6177873e-09
1.309060000e+01  7.1498312e-04  7.1497302e-04  1.0047306e-08
1.315600000e+01  7.0153833e-04  7.0152699e-04  1.0899119e-08
1.322140000e+01  6.8840810e-04  6.8839599e-04  1.2058456e-08
1.328680000e+01  6.7558292e-04  6.7556999e-04  1.2781097e-08
1.335220000e+01  6.6305472e-04  6.6304102e-04  1.3463694e-08
1.341760000e+01  6.5081503e-04  6.5080100e-04  1.3849535e-08
1.348300000e+01  6.3885565e-04  6.3884200e-04  1.3684854e-08
1.354840000e+01  6.2717024e-04  6.2715600e-04  1.4306299e-08
1.361380000e+01  6.1574961e-04  6.1573600e-04  1.3997120e-08
1.367920000e+01  6.0458773e-04  6.0457399e-04  1.3910523e-08
1.374460000e+01  5.9367784e-04  5.9366401e-04  1.4289023e-08
1.381000000e+01  5.8301211e-04  5.8299798e-04  1.4053195e-08
1.387540000e+01  5.7257925e-04  5.7257101e-04  8.4754254e-09
1.394080000e+01  5.6238854e-04  5.6237500e-04  1.3180462e-08
1.400620000e+01  5.5241836e-04  5.5240601e-04  1.2701609e-08
1.407160000e+01  5.4266768e-04  5.4265599e-04  1.1981645e-08
1.413700000e+01  5.3313046e-04  5.3312001e-04  1.0756150e-08
1.420240000e+01  5.2380126e-04  5.2379200e-04  9.1873605e-09
1.426780000e+01  5.1467533e-04  5.1466702e-04  7.9587538e-09
1.433320000e+01  5.0574742e-04  5.0574000e-04  7.1014543e-09
1.439860000e+01  4.9701185e-04  4.9700600e-04  6.0247156e-09
1.446400000e+01  4.8846464e-04  4.8845902e-04  5.7303646e-09
1.452940000e+01  4.8010022e-04  4.8009501e-04  5.4438506e-09
1.459480000e+01  4.7191395e-04  4.7190901e-04  5.1991675e-09
1.466020000e+01  4.6390147e-04  4.6389599e-04  5.1542103e-09
1.472560000e+01  4.5605821e-04  4.5605301e-04  5.1374191e-09
1.479100000e+01  4.4837980e-04  4.4837501e-04  5.0544209e-09
1.485640000e+01  4.4086229e-04  4.4085699e-04  5.0915682e-09
1.492180000e+01  4.3350143e-04  4.3349600e-04  4.9972486e-09
1.498720000e+01  4.2629329e-04  4.2628901e-04  4.7785188e-09
1.505260000e+01  4.1923475e-04  4.1923000e-04  5.0796294e-09
1.511800000e+01  4.1232130e-04  4.1231600e-04  5.0787070e-09
1.518340000e+01  4.0554974e-04  4.0554500e-04  5.1664011e-09
1.524880000e+01  3.9891645e-04  3.9891101e-04  5.1768890e-09
1.531420000e+01  3.9241809e-04  3.9241300e-04  5.1570933e-09
1.537960000e+01  3.8605142e-04  3.8604601e-04  5.1331163e-09
1.544500000e+01  3.7981361e-04  3.7980801e-04  5.4817985e-09
1.551040000e+01  3.7370093e-04  3.7369499e-04  5.5522224e-09
1.557580000e+01  3.6771095e-04  3.6770501e-04  5.9280364e-09
1.564120000e+01  3.6184060e-04  3.6183401e-04  6.4779477e-09
1.570660000e+01  3.5608656e-04  3.5608001e-04  6.7147427e-09
1.577200000e+01  3.5044675e-04  3.5043899e-04  7.3276180e-09
1.583740000e+01  3.4491844e-04  3.4490999e-04  8.2880487e-09
1.590280000e+01  3.3949849e-04  3.3948899e-04  9.0574162e-09
1.596820000e+01  3.3418508e-04  3.3417501e-04  1.0360539e-08
1.603360000e+01  3.2897426e-04  3.2896400e-04  1.0736698e-08
1.609900000e+01  3.2386585e-04  3.2385299e-04  1.2407370e-08
1.616440000e+01  3.1885145e-04  3.1884201e-04  9.3179327e-09
1.622980000e+01  3.1393732e-04  3.1392701e-04  1.0008434e-08
1.629520000e+01  3.0911885e-04  3.0910701e-04  1.2081148e-08
1.636060000e+01  3.0439089e-04  3.0437799e-04  1.2545963e-08
1.642600000e+01  2.9975170e-04  2.9974000e-04  1.1785280e-08
1.649140000e+01  2.9520171e-04  2.9518901e-04  1.2258925e-08
1.655680000e+01  2.9073678e-04  2.9072500e-04  1.1820449e-08
1.662220000e+01  2.8635667e-04  2.8634400e-04  1.2172827e-08
1.668760000e+01  2.8205809e-04  2.8204601e-04  1.1914125e-08
1.675300000e+01  2.7783980e-04  2.7782799e-04  1.1651335e-08
1.681840000e+01  2.7370033e-04  2.7368899e-04  1.1693743e-08
1.688380000e+01  2.6963747e-04  2.6962601e-04  1.1589670e-08
1.694920000e+01  2.6564923e-04  2.6563799e-04  1.1046065e-08
1.701460000e+01  2.6173471e-04  2.6172400e-04  1.0819629e-08
1.708000000e+01  2.5789181e-04  2.5788101e-04  1.0416074e-08
1.714540000e+01  2.5411930e-04  2.5410901e-04  1.0187574e-08
1.721080000e+01  2.5041614e-04  2.5040601e-04  1.0629870e-08
1.727620000e+01  2.4677832e-04  2.4676899e-04  9.2226442e-09
1.734160000e+01  2.4320826e-04  2.4319800e-04  9.8464697e-09
1.740700000e+01  2.3970072e-04  2.3969200e-04  8.6732680e-09
1.747240000e+01  2.3625724e-04  2.3624900e-04  8.6378306e-09
1.753780000e+01  2.3287572e-04  2.3286699e-04  8.9780533e-09
1.760320000e+01  2.2955449e-04  2.2954500e-04  9.3505081e-09
1.766860000e+01  2.2629092e-04  2.2628299e-04  8.3976167e-09
1.773400000e+01  2.2308625e-04  2.2307799e-04  8.6174986e-09
1.779940000e+01  2.1993701e-04  2.1992900e-04  7.7661647e-09
1.786480000e+01  2.1684372e-04  2.1683599e-04  7.5409796e-09
1.793020000e+01  2.1380488e-04  2.1379700e-04  7.6134407e-09
1.799560000e+01  2.1081932e-04  2.1081101e-04  7.9442609e-09
1.806100000e+01  2.0788525e-04  2.0787700e-04  7.8550673e-09
1.812640000e+01  2.0500185e-04  2.0499399e-04  7.5850861e-09
1.819180000e+01  2.0216930e-04  2.0216100e-04  8.3871978e-09
1.825720000e+01  1.9938509e-04  1.9937599e-04  8.7748076e-09
1.832260000e+01  1.9664896e-04  1.9663900e-04  9.4847118e-09
1.838800000e+01  1.9395732e-04  1.9394900e-04  7.9124956e-09
1.845340000e+01  1.9131313e-04  1.9130499e-04  7.9651344e-09
1.851880000e+01  1.8871323e-04  1.8870601e-04  7.4288933e-09
1.858420000e+01  1.8615776e-04  1.8615001e-04  7.3421480e-09
1.864960000e+01  1.8364659e-04  1.8363800e-04  8.4691658e-09
1.871500000e+01  1.8117539e-04  1.8116800e-04  7.3415853e-09
1.878040000e+01  1.7874646e-04  1.7873901e-04  7.1208788e-09
1.884580000e+01  1.7635826e-04  1.7635099e-04  7.0876755e-09
1.891120000e+01  1.7401006e-04  1.7400300e-04  7.3135743e-09
1.897660000e+01  1.7170167e-04  1.7169300e-04  8.4145475e-09
1.904200000e+01  1.6943045e-04  1.6942200e-04  8.5118166e-09
1.910740000e+01  1.6719528e-04  1.6718800e-04  7.2436108e-09
1.917280000e+01  1.6499807e-04  1.6499100e-04  7.2486884e-09
1.923820000e+01  1.6283816e-04  1.6282999e-04  8.6068157e-09
1.930360000e+01  1.6071247e-04  1.6070400e-04  8.9143027e-09
1.936900000e+01  1.5862063e-04  1.5861201e-04  8.5130115e-09
1.943440000e+01  1.5656189e-04  1.5655500e-04  7.3178142e-09
1.949980000e+01  1.5453728e-04  1.5453000e-04  7.0056295e-09
1.956520000e+01  1.5254610e-04  1.5253900e-04  7.5285081e-09
1.963060000e+01  1.5058601e-04  1.5057900e-04  7.1707988e-09
1.969600000e+01  1.4865869e-04  1.4865000e-04  8.2175945e-09
1.976140000e+01  1.4676083e-04  1.4675299e-04  7.9799934e-09
1.982680000e+01  1.4489287e-04  1.4488499e-04  7.4685008e-09
1.989220000e+01  1.4305602e-04  1.4304800e-04  8.4600389e-09
1.995760000e+01  1.4124639e-04  1.4123900e-04  7.6483956e-09
