# WARNING | PUMAS | Some species, NO, HNO3, do not have optimized correlated-k tables for the defined moderate resolutions, and will be analyzed at sub-par resolutions. In particular, there will be issues at the line cores.
# WARNING | PUMAS | The maximum asymmetry has been capped to 0.10 for these high observing angles.
# 3D spectroscopic simulation - Spatial binning of 5 (212 calculations)
# ------------------------------------------------------------------------
# Radiance spectrum
# NASA-GSFC Planetary Spectrum Generator (PSG) (Villanueva et al. 2018, 2022)
# Synthesized on Mon Feb 26 14:39:32 2024
# Doppler velocities [km/s] (vobs,vrot+vorb,vwidth,vrfl,vstr): -21.10000,0.00000,0.00000,0.00000,0.00043
# ------------------------------------------------------------------------
# Spectra synthesized with the Planetary and Universal Model of Atmospheric Scattering (PUMAS, Villanueva et al. 2018, 2022)
# Muliple scattering method employing PSGDORT, NMAX:2 / LMAX:4 / gMAX:0.01
# ------------------------------------------------------------------------
# Spectral unit: Wavelength [um]
# Radiance unit: Spectral radiance [W/sr/m2/um]
# Wave/freq Total Stellar Proxima-Cen-b
4.000000000e+00  5.1704962e-02  5.1704999e-02  1.1445404e-10
4.065400000e+00  4.9007643e-02  4.9007598e-02  1.5511874e-10
4.130800000e+00  4.6481282e-02  4.6481300e-02  2.1714155e-10
4.196200000e+00  4.4113271e-02  4.4113301e-02  6.9605179e-11
4.261600000e+00  4.1892052e-02  4.1892100e-02  5.6020888e-12
4.327000000e+00  3.9807018e-02  3.9806999e-02  1.0799361e-11
4.392400000e+00  3.7848424e-02  3.7848402e-02  4.7637123e-11
4.457800000e+00  3.6007319e-02  3.6007300e-02  4.3232553e-10
4.523200000e+00  3.4275468e-02  3.4275498e-02  2.7484964e-10
4.588600000e+00  3.2645293e-02  3.2645300e-02  2.0635944e-10
4.654000000e+00  3.1109802e-02  3.1109801e-02  2.0332509e-10
4.719400000e+00  2.9662563e-02  2.9662600e-02  2.0629070e-10
4.784800000e+00  2.8297631e-02  2.8297599e-02  3.1229007e-10
4.850200000e+00  2.7009521e-02  2.7009500e-02  5.1230197e-10
4.915600000e+00  2.5793158e-02  2.5793200e-02  3.2944392e-10
4.981000000e+00  2.4643854e-02  2.4643900e-02  3.4986655e-10
5.046400000e+00  2.3557272e-02  2.3557300e-02  3.5248510e-10
5.111800000e+00  2.2529386e-02  2.2529401e-02  5.0427835e-10
5.177200000e+00  2.1556473e-02  2.1556500e-02  7.1646897e-10
5.242600000e+00  2.0635077e-02  2.0635100e-02  8.0948791e-10
5.308000000e+00  1.9761988e-02  1.9762000e-02  8.3043595e-10
5.373400000e+00  1.8934226e-02  1.8934200e-02  1.0419083e-09
5.438800000e+00  1.8149022e-02  1.8149000e-02  1.5318730e-09
5.504200000e+00  1.7403799e-02  1.7403800e-02  1.5239152e-09
5.569600000e+00  1.6696160e-02  1.6696200e-02  1.9078865e-09
5.635000000e+00  1.6023869e-02  1.6023900e-02  2.0442379e-09
5.700400000e+00  1.5384847e-02  1.5384800e-02  2.2119434e-09
5.765800000e+00  1.4777151e-02  1.4777100e-02  2.2807239e-09
5.831200000e+00  1.4198971e-02  1.4199000e-02  2.4654365e-09
5.896600000e+00  1.3648615e-02  1.3648600e-02  2.4439289e-09
5.962000000e+00  1.3124504e-02  1.3124500e-02  2.5853635e-09
6.027400000e+00  1.2625158e-02  1.2625200e-02  2.7939823e-09
6.092800000e+00  1.2149197e-02  1.2149200e-02  2.8939551e-09
6.158200000e+00  1.1695328e-02  1.1695300e-02  3.3215453e-09
6.223600000e+00  1.1262338e-02  1.1262300e-02  3.7632342e-09
6.289000000e+00  1.0849093e-02  1.0849100e-02  4.0429876e-09
6.354400000e+00  1.0454528e-02  1.0454500e-02  3.8004141e-09
6.419800000e+00  1.0077644e-02  1.0077600e-02  3.6663576e-09
6.485200000e+00  9.7175061e-03  9.7174998e-03  3.6551581e-09
6.550600000e+00  9.3732331e-03  9.3732299e-03  3.7811885e-09
6.616000000e+00  9.0439982e-03  9.0439897e-03  3.8965109e-09
6.681400000e+00  8.7290248e-03  8.7290201e-03  4.6763377e-09
6.746800000e+00  8.4275812e-03  8.4275799e-03  5.2083733e-09
6.812200000e+00  8.1389786e-03  8.1389695e-03  5.1141040e-09
6.877600000e+00  7.8625705e-03  7.8625698e-03  5.2689742e-09
6.943000000e+00  7.5977461e-03  7.5977398e-03  5.2135218e-09
7.008400000e+00  7.3439311e-03  7.3439302e-03  5.5033945e-09
7.073800000e+00  7.1005822e-03  7.1005798e-03  5.0313721e-09
7.139200000e+00  6.8671900e-03  6.8671801e-03  5.7757081e-09
7.204600000e+00  6.6432693e-03  6.6432599e-03  5.1909320e-09
7.270000000e+00  6.4283665e-03  6.4283600e-03  5.3462089e-09
7.335400000e+00  6.2220501e-03  6.2220399e-03  5.2207957e-09
7.400800000e+00  6.0239125e-03  6.0239099e-03  3.7686228e-09
7.466200000e+00  5.8335731e-03  5.8335699e-03  5.2144640e-09
7.531600000e+00  5.6506620e-03  5.6506600e-03  3.1076249e-09
7.597000000e+00  5.4748425e-03  5.4748398e-03  5.1194451e-09
7.662400000e+00  5.3057805e-03  5.3057801e-03  2.8477221e-09
7.727800000e+00  5.1431744e-03  5.1431698e-03  3.1167538e-09
7.793200000e+00  4.9867292e-03  4.9867299e-03  3.3639266e-09
7.858600000e+00  4.8361687e-03  4.8361602e-03  4.3672403e-09
7.924000000e+00  4.6912280e-03  4.6912199e-03  3.7765302e-09
7.989400000e+00  4.5516594e-03  4.5516598e-03  3.0210298e-09
8.054800000e+00  4.4172276e-03  4.4172201e-03  3.2999048e-09
8.120200000e+00  4.2877068e-03  4.2877002e-03  3.0248699e-09
8.185600000e+00  4.1628850e-03  4.1628801e-03  3.4857409e-09
8.251000000e+00  4.0425589e-03  4.0425598e-03  3.5768451e-09
8.316400000e+00  3.9265362e-03  3.9265300e-03  3.4031034e-09
8.381800000e+00  3.8146344e-03  3.8146300e-03  3.3352233e-09
8.447200000e+00  3.7066798e-03  3.7066799e-03  3.5109186e-09
8.512600000e+00  3.6025071e-03  3.6025001e-03  3.9248067e-09
8.578000000e+00  3.5019579e-03  3.5019501e-03  3.7059009e-09
8.643400000e+00  3.4048832e-03  3.4048799e-03  3.6492871e-09
8.708800000e+00  3.3111404e-03  3.3111400e-03  3.7860244e-09
8.774200000e+00  3.2205934e-03  3.2205901e-03  3.9609178e-09
8.839600000e+00  3.1331126e-03  3.1331100e-03  3.9732271e-09
8.905000000e+00  3.0485748e-03  3.0485699e-03  4.1369904e-09
8.970400000e+00  2.9668619e-03  2.9668601e-03  4.1117298e-09
9.035800000e+00  2.8878621e-03  2.8878599e-03  4.2040471e-09
9.101200000e+00  2.8114681e-03  2.8114601e-03  4.2851582e-09
9.166600000e+00  2.7375779e-03  2.7375701e-03  4.5370400e-09
9.232000000e+00  2.6660940e-03  2.6660899e-03  5.0241449e-09
9.297400000e+00  2.5969227e-03  2.5969199e-03  5.3379109e-09
9.362800000e+00  2.5299752e-03  2.5299699e-03  5.5419214e-09
9.428200000e+00  2.4651662e-03  2.4651601e-03  5.4671886e-09
9.493600000e+00  2.4024140e-03  2.4024099e-03  4.6962923e-09
9.559000000e+00  2.3416430e-03  2.3416399e-03  5.3001084e-09
9.624400000e+00  2.2827764e-03  2.2827699e-03  4.7617113e-09
9.689800000e+00  2.2257456e-03  2.2257401e-03  5.6233175e-09
9.755200000e+00  2.1704804e-03  2.1704701e-03  5.7646108e-09
9.820600000e+00  2.1169167e-03  2.1169099e-03  6.1263702e-09
9.886000000e+00  2.0649918e-03  2.0649901e-03  6.2919650e-09
9.951400000e+00  2.0146458e-03  2.0146400e-03  6.1953547e-09
1.001680000e+01  1.9658218e-03  1.9658201e-03  5.9284523e-09
1.008220000e+01  1.9184651e-03  1.9184600e-03  5.6596145e-09
1.014760000e+01  1.8725235e-03  1.8725200e-03  5.6934656e-09
1.021300000e+01  1.8279465e-03  1.8279400e-03  5.8837455e-09
1.027840000e+01  1.7846858e-03  1.7846799e-03  6.0973281e-09
1.034380000e+01  1.7426946e-03  1.7426900e-03  5.8768746e-09
1.040920000e+01  1.7019290e-03  1.7019199e-03  5.6632698e-09
1.047460000e+01  1.6623470e-03  1.6623400e-03  6.0368653e-09
1.054000000e+01  1.6239069e-03  1.6239000e-03  6.1704841e-09
1.060540000e+01  1.5865694e-03  1.5865600e-03  6.1420811e-09
1.067080000e+01  1.5502970e-03  1.5502900e-03  6.0691677e-09
1.073620000e+01  1.5150536e-03  1.5150500e-03  5.9902075e-09
1.080160000e+01  1.4808045e-03  1.4808000e-03  5.9931852e-09
1.086700000e+01  1.4475162e-03  1.4475100e-03  5.9885632e-09
1.093240000e+01  1.4151566e-03  1.4151500e-03  6.0037220e-09
1.099780000e+01  1.3836949e-03  1.3836900e-03  6.1254996e-09
1.106320000e+01  1.3531012e-03  1.3530999e-03  6.0818128e-09
1.112860000e+01  1.3233471e-03  1.3233400e-03  6.1230935e-09
1.119400000e+01  1.2944052e-03  1.2944000e-03  6.1618512e-09
1.125940000e+01  1.2662491e-03  1.2662400e-03  6.3069501e-09
1.132480000e+01  1.2388532e-03  1.2388499e-03  6.2772788e-09
1.139020000e+01  1.2121932e-03  1.2121900e-03  6.3114556e-09
1.145560000e+01  1.1862455e-03  1.1862400e-03  6.3642478e-09
1.152100000e+01  1.1609873e-03  1.1609800e-03  6.3773159e-09
1.158640000e+01  1.1363970e-03  1.1363900e-03  6.4218252e-09
1.165180000e+01  1.1124533e-03  1.1124500e-03  6.4459833e-09
1.171720000e+01  1.0891364e-03  1.0891299e-03  6.7437149e-09
1.178260000e+01  1.0664259e-03  1.0664200e-03  6.6046009e-09
1.184800000e+01  1.0443036e-03  1.0443000e-03  6.5606039e-09
1.191340000e+01  1.0227513e-03  1.0227400e-03  6.6376110e-09
1.197880000e+01  1.0017514e-03  1.0017400e-03  6.6259619e-09
1.204420000e+01  9.8128712e-04  9.8128000e-04  6.7058021e-09
1.210960000e+01  9.6134210e-04  9.6133503e-04  6.8118696e-09
1.217500000e+01  9.4190051e-04  9.4189402e-04  6.8007123e-09
1.224040000e+01  9.2294744e-04  9.2294102e-04  6.9224811e-09
1.230580000e+01  9.0446818e-04  9.0446102e-04  7.0968892e-09
1.237120000e+01  8.8644853e-04  8.8644098e-04  7.2552993e-09
1.243660000e+01  8.6887486e-04  8.6886698e-04  7.3885529e-09
1.250200000e+01  8.5173411e-04  8.5172697e-04  7.6053635e-09
1.256740000e+01  8.3501333e-04  8.3500601e-04  7.6686660e-09
1.263280000e+01  8.1870228e-04  8.1869302e-04  9.6126476e-09
1.269820000e+01  8.0278284e-04  8.0277602e-04  7.2071442e-09
1.276360000e+01  7.8725065e-04  7.8724301e-04  7.5336272e-09
1.282900000e+01  7.7209164e-04  7.7208399e-04  7.6090627e-09
1.289440000e+01  7.5729540e-04  7.5728801e-04  7.7358671e-09
1.295980000e+01  7.4285173e-04  7.4284401e-04  8.0591714e-09
1.302520000e+01  7.2875049e-04  7.2874199e-04  8.4623822e-09
1.309060000e+01  7.1498206e-04  7.1497302e-04  8.9901583e-09
1.315600000e+01  7.0153744e-04  7.0152699e-04  1.0009967e-08
1.322140000e+01  6.8840746e-04  6.8839599e-04  1.1420686e-08
1.328680000e+01  6.7558244e-04  6.7556999e-04  1.2296718e-08
1.335220000e+01  6.6305441e-04  6.6304102e-04  1.3155372e-08
1.341760000e+01  6.5081485e-04  6.5080100e-04  1.3666803e-08
1.348300000e+01  6.3885579e-04  6.3884200e-04  1.3818448e-08
1.354840000e+01  6.2717034e-04  6.2715600e-04  1.4412370e-08
1.361380000e+01  6.1574971e-04  6.1573600e-04  1.4097862e-08
1.367920000e+01  6.0458782e-04  6.0457399e-04  1.4003690e-08
1.374460000e+01  5.9367791e-04  5.9366401e-04  1.4358012e-08
1.381000000e+01  5.8301221e-04  5.8299798e-04  1.4149992e-08
1.387540000e+01  5.7257935e-04  5.7257101e-04  8.5738600e-09
1.394080000e+01  5.6238875e-04  5.6237500e-04  1.3388359e-08
1.400620000e+01  5.5241857e-04  5.5240601e-04  1.2915630e-08
1.407160000e+01  5.4266790e-04  5.4265599e-04  1.2205010e-08
1.413700000e+01  5.3313064e-04  5.3312001e-04  1.0937039e-08
1.420240000e+01  5.2380137e-04  5.2379200e-04  9.2994999e-09
1.426780000e+01  5.1467538e-04  5.1466702e-04  8.0126768e-09
1.433320000e+01  5.0574744e-04  5.0574000e-04  7.1245166e-09
1.439860000e+01  4.9701185e-04  4.9700600e-04  6.0337107e-09
1.446400000e+01  4.8846465e-04  4.8845902e-04  5.7377381e-09
1.452940000e+01  4.8010023e-04  4.8009501e-04  5.4593732e-09
1.459480000e+01  4.7191399e-04  4.7190901e-04  5.2337989e-09
1.466020000e+01  4.6390151e-04  4.6389599e-04  5.1917151e-09
1.472560000e+01  4.5605825e-04  4.5605301e-04  5.1803064e-09
1.479100000e+01  4.4837985e-04  4.4837501e-04  5.1054100e-09
1.485640000e+01  4.4086234e-04  4.4085699e-04  5.1370837e-09
1.492180000e+01  4.3350148e-04  4.3349600e-04  5.0545139e-09
1.498720000e+01  4.2629331e-04  4.2628901e-04  4.7996645e-09
1.505260000e+01  4.1923480e-04  4.1923000e-04  5.1274403e-09
1.511800000e+01  4.1232134e-04  4.1231600e-04  5.1243898e-09
1.518340000e+01  4.0554978e-04  4.0554500e-04  5.2080946e-09
1.524880000e+01  3.9891649e-04  3.9891101e-04  5.2159970e-09
1.531420000e+01  3.9241813e-04  3.9241300e-04  5.1992623e-09
1.537960000e+01  3.8605145e-04  3.8604601e-04  5.1693493e-09
1.544500000e+01  3.7981363e-04  3.7980801e-04  5.4996109e-09
1.551040000e+01  3.7370095e-04  3.7369499e-04  5.5683092e-09
1.557580000e+01  3.6771095e-04  3.6770501e-04  5.9356335e-09
1.564120000e+01  3.6184061e-04  3.6183401e-04  6.4835829e-09
1.570660000e+01  3.5608658e-04  3.5608001e-04  6.7339653e-09
1.577200000e+01  3.5044678e-04  3.5043899e-04  7.3629710e-09
1.583740000e+01  3.4491852e-04  3.4490999e-04  8.3620947e-09
1.590280000e+01  3.3949860e-04  3.3948899e-04  9.1644168e-09
1.596820000e+01  3.3418522e-04  3.3417501e-04  1.0505523e-08
1.603360000e+01  3.2897440e-04  3.2896400e-04  1.0873680e-08
1.609900000e+01  3.2386596e-04  3.2385299e-04  1.2510958e-08
1.616440000e+01  3.1885158e-04  3.1884201e-04  9.4419269e-09
1.622980000e+01  3.1393745e-04  3.1392701e-04  1.0129530e-08
1.629520000e+01  3.0911897e-04  3.0910701e-04  1.2200551e-08
1.636060000e+01  3.0439097e-04  3.0437799e-04  1.2629698e-08
1.642600000e+01  2.9975180e-04  2.9974000e-04  1.1885283e-08
1.649140000e+01  2.9520177e-04  2.9518901e-04  1.2313856e-08
1.655680000e+01  2.9073685e-04  2.9072500e-04  1.1883295e-08
1.662220000e+01  2.8635665e-04  2.8634400e-04  1.2146120e-08
1.668760000e+01  2.8205808e-04  2.8204601e-04  1.1907339e-08
1.675300000e+01  2.7783987e-04  2.7782799e-04  1.1720981e-08
1.681840000e+01  2.7370023e-04  2.7368899e-04  1.1601586e-08
1.688380000e+01  2.6963728e-04  2.6962601e-04  1.1397014e-08
1.694920000e+01  2.6564897e-04  2.6563799e-04  1.0786474e-08
1.701460000e+01  2.6173442e-04  2.6172400e-04  1.0521265e-08
1.708000000e+01  2.5789142e-04  2.5788101e-04  1.0027884e-08
1.714540000e+01  2.5411888e-04  2.5410901e-04  9.7692782e-09
1.721080000e+01  2.5041570e-04  2.5040601e-04  1.0189611e-08
1.727620000e+01  2.4677772e-04  2.4676899e-04  8.6290808e-09
1.734160000e+01  2.4320772e-04  2.4319800e-04  9.3105641e-09
1.740700000e+01  2.3970004e-04  2.3969200e-04  7.9947700e-09
1.747240000e+01  2.3625657e-04  2.3624900e-04  7.9690634e-09
1.753780000e+01  2.3287506e-04  2.3286699e-04  8.3227926e-09
1.760320000e+01  2.2955389e-04  2.2954500e-04  8.7461468e-09
1.766860000e+01  2.2629021e-04  2.2628299e-04  7.6934705e-09
1.773400000e+01  2.2308556e-04  2.2307799e-04  7.9355862e-09
1.779940000e+01  2.1993626e-04  2.1992900e-04  7.0103050e-09
1.786480000e+01  2.1684294e-04  2.1683599e-04  6.7664429e-09
1.793020000e+01  2.1380412e-04  2.1379700e-04  6.8530789e-09
1.799560000e+01  2.1081860e-04  2.1081101e-04  7.2251831e-09
1.806100000e+01  2.0788453e-04  2.0787700e-04  7.1328596e-09
1.812640000e+01  2.0500111e-04  2.0499399e-04  6.8451090e-09
1.819180000e+01  2.0216866e-04  2.0216100e-04  7.7469503e-09
1.825720000e+01  1.9938450e-04  1.9937599e-04  8.1855648e-09
1.832260000e+01  1.9664849e-04  1.9663900e-04  9.0225608e-09
1.838800000e+01  1.9395667e-04  1.9394900e-04  7.2622176e-09
1.845340000e+01  1.9131247e-04  1.9130499e-04  7.3103209e-09
1.851880000e+01  1.8871253e-04  1.8870601e-04  6.7255968e-09
1.858420000e+01  1.8615706e-04  1.8615001e-04  6.6414725e-09
1.864960000e+01  1.8364603e-04  1.8363800e-04  7.9072624e-09
1.871500000e+01  1.8117471e-04  1.8116800e-04  6.6599583e-09
1.878040000e+01  1.7874577e-04  1.7873901e-04  6.4278136e-09
1.884580000e+01  1.7635758e-04  1.7635099e-04  6.4009038e-09
1.891120000e+01  1.7400940e-04  1.7400300e-04  6.6524237e-09
1.897660000e+01  1.7170115e-04  1.7169300e-04  7.8915665e-09
1.904200000e+01  1.6942996e-04  1.6942200e-04  8.0258929e-09
1.910740000e+01  1.6719464e-04  1.6718800e-04  6.5985487e-09
1.917280000e+01  1.6499743e-04  1.6499100e-04  6.6136287e-09
1.923820000e+01  1.6283770e-04  1.6282999e-04  8.1479649e-09
1.930360000e+01  1.6071207e-04  1.6070400e-04  8.5213133e-09
1.936900000e+01  1.5862017e-04  1.5861201e-04  8.0548357e-09
1.943440000e+01  1.5656130e-04  1.5655500e-04  6.7281383e-09
1.949980000e+01  1.5453667e-04  1.5453000e-04  6.3887079e-09
1.956520000e+01  1.5254555e-04  1.5253900e-04  6.9778219e-09
1.963060000e+01  1.5058543e-04  1.5057900e-04  6.5893214e-09
1.969600000e+01  1.4865825e-04  1.4865000e-04  7.7802873e-09
1.976140000e+01  1.4676037e-04  1.4675299e-04  7.5138492e-09
1.982680000e+01  1.4489235e-04  1.4488499e-04  6.9455530e-09
1.989220000e+01  1.4305563e-04  1.4304800e-04  8.0773438e-09
1.995760000e+01  1.4124592e-04  1.4123900e-04  7.1742865e-09
