# WARNING | PUMAS | Some species, NO, HNO3, do not have optimized correlated-k tables for the defined moderate resolutions, and will be analyzed at sub-par resolutions. In particular, there will be issues at the line cores.
# WARNING | PUMAS | The maximum asymmetry has been capped to 0.01 for these high observing angles.
# 3D spectroscopic simulation - Spatial binning of 5 (198 calculations)
# ------------------------------------------------------------------------
# Radiance spectrum
# NASA-GSFC Planetary Spectrum Generator (PSG) (Villanueva et al. 2018, 2022)
# Synthesized on Mon Feb 26 15:04:40 2024
# Doppler velocities [km/s] (vobs,vrot+vorb,vwidth,vrfl,vstr): -21.10000,0.00000,0.00000,0.00000,0.00129
# ------------------------------------------------------------------------
# Spectra synthesized with the Planetary and Universal Model of Atmospheric Scattering (PUMAS, Villanueva et al. 2018, 2022)
# Muliple scattering method employing PSGDORT, NMAX:2 / LMAX:4 / gMAX:0.01
# ------------------------------------------------------------------------
# Spectral unit: Wavelength [um]
# Radiance unit: Spectral radiance [W/sr/m2/um]
# Wave/freq Total Stellar Proxima-Cen-b
4.000000000e+00  5.1704963e-02  5.1704999e-02  1.0983610e-09
4.065400000e+00  4.9007644e-02  4.9007598e-02  8.2221353e-10
4.130800000e+00  4.6481282e-02  4.6481300e-02  6.6603120e-10
4.196200000e+00  4.4113271e-02  4.4113301e-02  8.7958589e-11
4.261600000e+00  4.1892052e-02  4.1892100e-02  5.5224431e-12
4.327000000e+00  3.9807018e-02  3.9806999e-02  9.7491675e-12
4.392400000e+00  3.7848424e-02  3.7848402e-02  4.1460187e-11
4.457800000e+00  3.6007319e-02  3.6007300e-02  5.7441789e-10
4.523200000e+00  3.4275469e-02  3.4275498e-02  9.3911815e-10
4.588600000e+00  3.2645293e-02  3.2645300e-02  1.0153080e-09
4.654000000e+00  3.1109803e-02  3.1109801e-02  1.0608910e-09
4.719400000e+00  2.9662563e-02  2.9662600e-02  9.2071713e-10
4.784800000e+00  2.8297632e-02  2.8297599e-02  1.0479062e-09
4.850200000e+00  2.7009521e-02  2.7009500e-02  1.1920597e-09
4.915600000e+00  2.5793158e-02  2.5793200e-02  1.3050228e-09
4.981000000e+00  2.4643856e-02  2.4643900e-02  1.3965226e-09
5.046400000e+00  2.3557273e-02  2.3557300e-02  1.4798186e-09
5.111800000e+00  2.2529387e-02  2.2529401e-02  1.6111308e-09
5.177200000e+00  2.1556474e-02  2.1556500e-02  1.7484235e-09
5.242600000e+00  2.0635078e-02  2.0635100e-02  1.9266131e-09
5.308000000e+00  1.9761989e-02  1.9762000e-02  2.0699125e-09
5.373400000e+00  1.8934227e-02  1.8934200e-02  2.2755779e-09
5.438800000e+00  1.8149023e-02  1.8149000e-02  2.5864104e-09
5.504200000e+00  1.7403800e-02  1.7403800e-02  2.7634332e-09
5.569600000e+00  1.6696160e-02  1.6696200e-02  2.8770195e-09
5.635000000e+00  1.6023870e-02  1.6023900e-02  2.9182223e-09
5.700400000e+00  1.5384847e-02  1.5384800e-02  3.0163944e-09
5.765800000e+00  1.4777152e-02  1.4777100e-02  3.0672826e-09
5.831200000e+00  1.4198972e-02  1.4199000e-02  3.2688133e-09
5.896600000e+00  1.3648616e-02  1.3648600e-02  3.0253589e-09
5.962000000e+00  1.3124504e-02  1.3124500e-02  3.1429133e-09
6.027400000e+00  1.2625159e-02  1.2625200e-02  3.4421590e-09
6.092800000e+00  1.2149198e-02  1.2149200e-02  3.4423254e-09
6.158200000e+00  1.1695329e-02  1.1695300e-02  4.0547410e-09
6.223600000e+00  1.1262339e-02  1.1262300e-02  5.0396594e-09
6.289000000e+00  1.0849095e-02  1.0849100e-02  5.7093586e-09
6.354400000e+00  1.0454528e-02  1.0454500e-02  4.5376542e-09
6.419800000e+00  1.0077645e-02  1.0077600e-02  4.1045857e-09
6.485200000e+00  9.7175065e-03  9.7174998e-03  4.0322485e-09
6.550600000e+00  9.3732335e-03  9.3732299e-03  4.1913304e-09
6.616000000e+00  9.0439986e-03  9.0439897e-03  4.3435637e-09
6.681400000e+00  8.7290260e-03  8.7290201e-03  5.7423387e-09
6.746800000e+00  8.4275832e-03  8.4275799e-03  7.2416077e-09
6.812200000e+00  8.1389802e-03  8.1389695e-03  6.6374033e-09
6.877600000e+00  7.8625723e-03  7.8625698e-03  7.1523224e-09
6.943000000e+00  7.5977484e-03  7.5977398e-03  7.4775570e-09
7.008400000e+00  7.3439336e-03  7.3439302e-03  7.9913327e-09
7.073800000e+00  7.1005853e-03  7.1005798e-03  8.1275580e-09
7.139200000e+00  6.8671924e-03  6.8671801e-03  8.2112913e-09
7.204600000e+00  6.6432725e-03  6.6432599e-03  8.4805691e-09
7.270000000e+00  6.4283698e-03  6.4283600e-03  8.6586122e-09
7.335400000e+00  6.2220536e-03  6.2220399e-03  8.6750306e-09
7.400800000e+00  6.0239168e-03  6.0239099e-03  8.0772872e-09
7.466200000e+00  5.8335769e-03  5.8335699e-03  9.0147702e-09
7.531600000e+00  5.6506668e-03  5.6506600e-03  7.9031198e-09
7.597000000e+00  5.4748467e-03  5.4748398e-03  9.3811355e-09
7.662400000e+00  5.3057856e-03  5.3057801e-03  7.9013571e-09
7.727800000e+00  5.1431795e-03  5.1431698e-03  8.2288512e-09
7.793200000e+00  4.9867343e-03  4.9867299e-03  8.5125476e-09
7.858600000e+00  4.8361737e-03  4.8361602e-03  9.2976965e-09
7.924000000e+00  4.6912333e-03  4.6912199e-03  9.0083842e-09
7.989400000e+00  4.5516649e-03  4.5516598e-03  8.5272357e-09
8.054800000e+00  4.4172332e-03  4.4172201e-03  8.8487462e-09
8.120200000e+00  4.2877125e-03  4.2877002e-03  8.7419403e-09
8.185600000e+00  4.1628907e-03  4.1628801e-03  9.2065218e-09
8.251000000e+00  4.0425647e-03  4.0425598e-03  9.3651954e-09
8.316400000e+00  3.9265421e-03  3.9265300e-03  9.3086265e-09
8.381800000e+00  3.8146404e-03  3.8146300e-03  9.3379651e-09
8.447200000e+00  3.7066859e-03  3.7066799e-03  9.5495849e-09
8.512600000e+00  3.6025131e-03  3.6025001e-03  9.9424780e-09
8.578000000e+00  3.5019640e-03  3.5019501e-03  9.8230542e-09
8.643400000e+00  3.4048894e-03  3.4048799e-03  9.8246099e-09
8.708800000e+00  3.3111466e-03  3.3111400e-03  9.9787332e-09
8.774200000e+00  3.2205996e-03  3.2205901e-03  1.0160511e-08
8.839600000e+00  3.1331188e-03  3.1331100e-03  1.0153110e-08
8.905000000e+00  3.0485810e-03  3.0485699e-03  1.0331925e-08
8.970400000e+00  2.9668682e-03  2.9668601e-03  1.0402252e-08
9.035800000e+00  2.8878685e-03  2.8878599e-03  1.0605802e-08
9.101200000e+00  2.8114745e-03  2.8114601e-03  1.0707127e-08
9.166600000e+00  2.7375843e-03  2.7375701e-03  1.0898973e-08
9.232000000e+00  2.6661002e-03  2.6660899e-03  1.1252855e-08
9.297400000e+00  2.5969289e-03  2.5969199e-03  1.1546735e-08
9.362800000e+00  2.5299808e-03  2.5299699e-03  1.1120554e-08
9.428200000e+00  2.4651694e-03  2.4651601e-03  8.6249561e-09
9.493600000e+00  2.4024161e-03  2.4024099e-03  6.7863369e-09
9.559000000e+00  2.3416470e-03  2.3416399e-03  9.2056611e-09
9.624400000e+00  2.2827789e-03  2.2827699e-03  7.2701418e-09
9.689800000e+00  2.2257487e-03  2.2257401e-03  8.7063595e-09
9.755200000e+00  2.1704835e-03  2.1704701e-03  8.9147171e-09
9.820600000e+00  2.1169204e-03  2.1169099e-03  9.8585939e-09
9.886000000e+00  2.0649964e-03  2.0649901e-03  1.0877839e-08
9.951400000e+00  2.0146513e-03  2.0146400e-03  1.1687408e-08
1.001680000e+01  1.9658280e-03  1.9658201e-03  1.2139654e-08
1.008220000e+01  1.9184718e-03  1.9184600e-03  1.2398738e-08
1.014760000e+01  1.8725304e-03  1.8725200e-03  1.2607717e-08
1.021300000e+01  1.8279534e-03  1.8279400e-03  1.2829203e-08
1.027840000e+01  1.7846927e-03  1.7846799e-03  1.3011431e-08
1.034380000e+01  1.7427017e-03  1.7426900e-03  1.2913617e-08
1.040920000e+01  1.7019362e-03  1.7019199e-03  1.2819886e-08
1.047460000e+01  1.6623541e-03  1.6623400e-03  1.3085155e-08
1.054000000e+01  1.6239139e-03  1.6239000e-03  1.3202835e-08
1.060540000e+01  1.5865764e-03  1.5865600e-03  1.3207385e-08
1.067080000e+01  1.5503041e-03  1.5502900e-03  1.3185943e-08
1.073620000e+01  1.5150608e-03  1.5150500e-03  1.3157274e-08
1.080160000e+01  1.4808117e-03  1.4808000e-03  1.3182558e-08
1.086700000e+01  1.4475234e-03  1.4475100e-03  1.3192471e-08
1.093240000e+01  1.4151638e-03  1.4151500e-03  1.3212145e-08
1.099780000e+01  1.3837021e-03  1.3836900e-03  1.3311564e-08
1.106320000e+01  1.3531084e-03  1.3530999e-03  1.3276968e-08
1.112860000e+01  1.3233543e-03  1.3233400e-03  1.3306629e-08
1.119400000e+01  1.2944124e-03  1.2944000e-03  1.3333342e-08
1.125940000e+01  1.2662563e-03  1.2662400e-03  1.3439190e-08
1.132480000e+01  1.2388603e-03  1.2388499e-03  1.3410596e-08
1.139020000e+01  1.2122003e-03  1.2121900e-03  1.3429069e-08
1.145560000e+01  1.1862526e-03  1.1862400e-03  1.3460864e-08
1.152100000e+01  1.1609944e-03  1.1609800e-03  1.3460396e-08
1.158640000e+01  1.1364040e-03  1.1363900e-03  1.3479339e-08
1.165180000e+01  1.1124603e-03  1.1124500e-03  1.3484530e-08
1.171720000e+01  1.0891433e-03  1.0891299e-03  1.3700689e-08
1.178260000e+01  1.0664329e-03  1.0664200e-03  1.3574063e-08
1.184800000e+01  1.0443105e-03  1.0443000e-03  1.3521269e-08
1.191340000e+01  1.0227583e-03  1.0227400e-03  1.3562552e-08
1.197880000e+01  1.0017583e-03  1.0017400e-03  1.3532592e-08
1.204420000e+01  9.8129398e-04  9.8128000e-04  1.3566739e-08
1.210960000e+01  9.6134892e-04  9.6133503e-04  1.3629582e-08
1.217500000e+01  9.4190730e-04  9.4189402e-04  1.3589475e-08
1.224040000e+01  9.2295416e-04  9.2294102e-04  1.3647342e-08
1.230580000e+01  9.0447483e-04  9.0446102e-04  1.3743778e-08
1.237120000e+01  8.8645510e-04  8.8644098e-04  1.3823317e-08
1.243660000e+01  8.6888137e-04  8.6886698e-04  1.3891301e-08
1.250200000e+01  8.5174055e-04  8.5172697e-04  1.4033557e-08
1.256740000e+01  8.3501973e-04  8.3500601e-04  1.4059989e-08
1.263280000e+01  8.1870772e-04  8.1869302e-04  1.5059457e-08
1.269820000e+01  8.0278928e-04  8.0277602e-04  1.3650918e-08
1.276360000e+01  7.8725696e-04  7.8724301e-04  1.3846809e-08
1.282900000e+01  7.7209788e-04  7.7208399e-04  1.3847689e-08
1.289440000e+01  7.5730155e-04  7.5728801e-04  1.3889692e-08
1.295980000e+01  7.4285770e-04  7.4284401e-04  1.4033848e-08
1.302520000e+01  7.2875629e-04  7.2874199e-04  1.4255477e-08
1.309060000e+01  7.1498758e-04  7.1497302e-04  1.4510446e-08
1.315600000e+01  7.0154250e-04  7.0152699e-04  1.5077221e-08
1.322140000e+01  6.8841180e-04  6.8839599e-04  1.5764672e-08
1.328680000e+01  6.7558625e-04  6.7556999e-04  1.6104577e-08
1.335220000e+01  6.6305755e-04  6.6304102e-04  1.6294957e-08
1.341760000e+01  6.5081746e-04  6.5080100e-04  1.6275686e-08
1.348300000e+01  6.3885676e-04  6.3884200e-04  1.4789263e-08
1.354840000e+01  6.2717167e-04  6.2715600e-04  1.5742449e-08
1.361380000e+01  6.1575092e-04  6.1573600e-04  1.5308803e-08
1.367920000e+01  6.0458906e-04  6.0457399e-04  1.5247959e-08
1.374460000e+01  5.9367936e-04  5.9366401e-04  1.5805025e-08
1.381000000e+01  5.8301355e-04  5.8299798e-04  1.5497603e-08
1.387540000e+01  5.7257935e-04  5.7257101e-04  8.5678963e-09
1.394080000e+01  5.6238923e-04  5.6237500e-04  1.3865321e-08
1.400620000e+01  5.5241882e-04  5.5240601e-04  1.3170235e-08
1.407160000e+01  5.4266791e-04  5.4265599e-04  1.2214454e-08
1.413700000e+01  5.3313048e-04  5.3312001e-04  1.0774588e-08
1.420240000e+01  5.2380115e-04  5.2379200e-04  9.0795622e-09
1.426780000e+01  5.1467515e-04  5.1466702e-04  7.7862618e-09
1.433320000e+01  5.0574722e-04  5.0574000e-04  6.9037879e-09
1.439860000e+01  4.9701167e-04  4.9700600e-04  5.8472775e-09
1.446400000e+01  4.8846447e-04  4.8845902e-04  5.5630370e-09
1.452940000e+01  4.8010008e-04  4.8009501e-04  5.3015464e-09
1.459480000e+01  4.7191386e-04  4.7190901e-04  5.1031637e-09
1.466020000e+01  4.6390138e-04  4.6389599e-04  5.0677251e-09
1.472560000e+01  4.5605812e-04  4.5605301e-04  5.0578915e-09
1.479100000e+01  4.4837974e-04  4.4837501e-04  4.9967719e-09
1.485640000e+01  4.4086223e-04  4.4085699e-04  5.0239267e-09
1.492180000e+01  4.3350138e-04  4.3349600e-04  4.9559205e-09
1.498720000e+01  4.2629328e-04  4.2628901e-04  4.7652589e-09
1.505260000e+01  4.1923469e-04  4.1923000e-04  5.0182257e-09
1.511800000e+01  4.1232123e-04  4.1231600e-04  5.0166430e-09
1.518340000e+01  4.0554966e-04  4.0554500e-04  5.0874528e-09
1.524880000e+01  3.9891637e-04  3.9891101e-04  5.0955017e-09
1.531420000e+01  3.9241802e-04  3.9241300e-04  5.0825590e-09
1.537960000e+01  3.8605134e-04  3.8604601e-04  5.0599488e-09
1.544500000e+01  3.7981348e-04  3.7980801e-04  5.3524232e-09
1.551040000e+01  3.7370080e-04  3.7369499e-04  5.4152166e-09
1.557580000e+01  3.6771078e-04  3.6770501e-04  5.7621892e-09
1.564120000e+01  3.6184041e-04  3.6183401e-04  6.2880843e-09
1.570660000e+01  3.5608639e-04  3.5608001e-04  6.5414471e-09
1.577200000e+01  3.5044658e-04  3.5043899e-04  7.1610793e-09
1.583740000e+01  3.4491831e-04  3.4490999e-04  8.1538117e-09
1.590280000e+01  3.3949841e-04  3.3948899e-04  8.9754510e-09
1.596820000e+01  3.3418517e-04  3.3417501e-04  1.0449770e-08
1.603360000e+01  3.2897450e-04  3.2896400e-04  1.0973528e-08
1.609900000e+01  3.2386665e-04  3.2385299e-04  1.3206587e-08
1.616440000e+01  3.1885157e-04  3.1884201e-04  9.4336324e-09
1.622980000e+01  3.1393749e-04  3.1392701e-04  1.0177158e-08
1.629520000e+01  3.0911953e-04  3.0910701e-04  1.2757432e-08
1.636060000e+01  3.0439184e-04  3.0437799e-04  1.3502266e-08
1.642600000e+01  2.9975239e-04  2.9974000e-04  1.2476043e-08
1.649140000e+01  2.9520272e-04  2.9518901e-04  1.3268043e-08
1.655680000e+01  2.9073764e-04  2.9072500e-04  1.2676024e-08
1.662220000e+01  2.8635797e-04  2.8634400e-04  1.3474539e-08
1.668760000e+01  2.8205927e-04  2.8204601e-04  1.3094808e-08
1.675300000e+01  2.7784066e-04  2.7782799e-04  1.2508401e-08
1.681840000e+01  2.7370180e-04  2.7368899e-04  1.3168327e-08
1.688380000e+01  2.6963917e-04  2.6962601e-04  1.3290261e-08
1.694920000e+01  2.6565120e-04  2.6563799e-04  1.3016813e-08
1.701460000e+01  2.6173682e-04  2.6172400e-04  1.2925686e-08
1.708000000e+01  2.5789411e-04  2.5788101e-04  1.2713399e-08
1.714540000e+01  2.5412168e-04  2.5410901e-04  1.2571677e-08
1.721080000e+01  2.5041839e-04  2.5040601e-04  1.2889110e-08
1.727620000e+01  2.4678105e-04  2.4676899e-04  1.1958848e-08
1.734160000e+01  2.4321075e-04  2.4319800e-04  1.2337829e-08
1.740700000e+01  2.3970356e-04  2.3969200e-04  1.1517148e-08
1.747240000e+01  2.3626005e-04  2.3624900e-04  1.1446336e-08
1.753780000e+01  2.3287846e-04  2.3286699e-04  1.1719839e-08
1.760320000e+01  2.2955715e-04  2.2954500e-04  1.2011289e-08
1.766860000e+01  2.2629369e-04  2.2628299e-04  1.1170405e-08
1.773400000e+01  2.2308896e-04  2.2307799e-04  1.1329753e-08
1.779940000e+01  2.1993987e-04  2.1992900e-04  1.0622478e-08
1.786480000e+01  2.1684658e-04  2.1683599e-04  1.0397356e-08
1.793020000e+01  2.1380770e-04  2.1379700e-04  1.0439075e-08
1.799560000e+01  2.1082206e-04  2.1081101e-04  1.0685010e-08
1.806100000e+01  2.0788798e-04  2.0787700e-04  1.0584521e-08
1.812640000e+01  2.0500460e-04  2.0499399e-04  1.0336110e-08
1.819180000e+01  2.0217190e-04  2.0216100e-04  1.0992997e-08
1.825720000e+01  1.9938762e-04  1.9937599e-04  1.1310027e-08
1.832260000e+01  1.9665110e-04  1.9663900e-04  1.1631254e-08
1.838800000e+01  1.9395987e-04  1.9394900e-04  1.0465342e-08
1.845340000e+01  1.9131566e-04  1.9130499e-04  1.0496915e-08
1.851880000e+01  1.8871586e-04  1.8870601e-04  1.0057531e-08
1.858420000e+01  1.8616037e-04  1.8615001e-04  9.9497292e-09
1.864960000e+01  1.8364892e-04  1.8363800e-04  1.0799189e-08
1.871500000e+01  1.8117795e-04  1.8116800e-04  9.8994213e-09
1.878040000e+01  1.7874901e-04  1.7873901e-04  9.6655996e-09
1.884580000e+01  1.7636079e-04  1.7635099e-04  9.6110314e-09
1.891120000e+01  1.7401255e-04  1.7400300e-04  9.8086495e-09
1.897660000e+01  1.7170392e-04  1.7169300e-04  1.0669333e-08
1.904200000e+01  1.6943254e-04  1.6942200e-04  1.0598665e-08
1.910740000e+01  1.6719773e-04  1.6718800e-04  9.6887777e-09
1.917280000e+01  1.6500048e-04  1.6499100e-04  9.6671511e-09
1.923820000e+01  1.6284026e-04  1.6282999e-04  1.0702063e-08
1.930360000e+01  1.6071433e-04  1.6070400e-04  1.0780982e-08
1.936900000e+01  1.5862274e-04  1.5861201e-04  1.0625147e-08
1.943440000e+01  1.5656423e-04  1.5655500e-04  9.6534156e-09
1.949980000e+01  1.5453960e-04  1.5453000e-04  9.3263507e-09
1.956520000e+01  1.5254834e-04  1.5253900e-04  9.7613010e-09
1.963060000e+01  1.5058829e-04  1.5057900e-04  9.4438532e-09
1.969600000e+01  1.4866060e-04  1.4865000e-04  1.0134197e-08
1.976140000e+01  1.4676286e-04  1.4675299e-04  1.0005348e-08
1.982680000e+01  1.4489507e-04  1.4488499e-04  9.6663709e-09
1.989220000e+01  1.4305784e-04  1.4304800e-04  1.0286586e-08
1.995760000e+01  1.4124841e-04  1.4123900e-04  9.6679203e-09
