# WARNING | PUMAS | Some species, NO, HNO3, do not have optimized correlated-k tables for the defined moderate resolutions, and will be analyzed at sub-par resolutions. In particular, there will be issues at the line cores.
# WARNING | PUMAS | The maximum asymmetry has been capped to 0.10 for these high observing angles.
# 3D spectroscopic simulation - Spatial binning of 5 (212 calculations)
# ------------------------------------------------------------------------
# Radiance spectrum
# NASA-GSFC Planetary Spectrum Generator (PSG) (Villanueva et al. 2018, 2022)
# Synthesized on Mon Feb 26 14:51:45 2024
# Doppler velocities [km/s] (vobs,vrot+vorb,vwidth,vrfl,vstr): -21.10000,0.00000,0.00000,0.00000,0.00102
# ------------------------------------------------------------------------
# Spectra synthesized with the Planetary and Universal Model of Atmospheric Scattering (PUMAS, Villanueva et al. 2018, 2022)
# Muliple scattering method employing PSGDORT, NMAX:2 / LMAX:4 / gMAX:0.01
# ------------------------------------------------------------------------
# Spectral unit: Wavelength [um]
# Radiance unit: Spectral radiance [W/sr/m2/um]
# Wave/freq Total Stellar Proxima-Cen-b
4.000000000e+00  5.1704962e-02  5.1704999e-02  5.4869592e-10
4.065400000e+00  4.9007643e-02  4.9007598e-02  4.9507171e-10
4.130800000e+00  4.6481282e-02  4.6481300e-02  4.9637472e-10
4.196200000e+00  4.4113271e-02  4.4113301e-02  9.6666554e-11
4.261600000e+00  4.1892052e-02  4.1892100e-02  5.7602655e-12
4.327000000e+00  3.9807018e-02  3.9806999e-02  1.0138325e-11
4.392400000e+00  3.7848424e-02  3.7848402e-02  4.5589695e-11
4.457800000e+00  3.6007319e-02  3.6007300e-02  5.9212166e-10
4.523200000e+00  3.4275469e-02  3.4275498e-02  6.1659594e-10
4.588600000e+00  3.2645293e-02  3.2645300e-02  5.8673813e-10
4.654000000e+00  3.1109803e-02  3.1109801e-02  5.9974772e-10
4.719400000e+00  2.9662563e-02  2.9662600e-02  5.2305754e-10
4.784800000e+00  2.8297631e-02  2.8297599e-02  6.4562298e-10
4.850200000e+00  2.7009521e-02  2.7009500e-02  8.3513387e-10
4.915600000e+00  2.5793158e-02  2.5793200e-02  7.3732089e-10
4.981000000e+00  2.4643855e-02  2.4643900e-02  7.6205511e-10
5.046400000e+00  2.3557272e-02  2.3557300e-02  7.8084688e-10
5.111800000e+00  2.2529387e-02  2.2529401e-02  9.0859114e-10
5.177200000e+00  2.1556474e-02  2.1556500e-02  1.0804135e-09
5.242600000e+00  2.0635077e-02  2.0635100e-02  1.1902651e-09
5.308000000e+00  1.9761988e-02  1.9762000e-02  1.2349891e-09
5.373400000e+00  1.8934227e-02  1.8934200e-02  1.4208356e-09
5.438800000e+00  1.8149023e-02  1.8149000e-02  1.8038909e-09
5.504200000e+00  1.7403799e-02  1.7403800e-02  1.8683882e-09
5.569600000e+00  1.6696160e-02  1.6696200e-02  2.1069228e-09
5.635000000e+00  1.6023869e-02  1.6023900e-02  2.1833052e-09
5.700400000e+00  1.5384847e-02  1.5384800e-02  2.3093826e-09
5.765800000e+00  1.4777151e-02  1.4777100e-02  2.3530161e-09
5.831200000e+00  1.4198971e-02  1.4199000e-02  2.5225521e-09
5.896600000e+00  1.3648615e-02  1.3648600e-02  2.3927340e-09
5.962000000e+00  1.3124503e-02  1.3124500e-02  2.5145628e-09
6.027400000e+00  1.2625158e-02  1.2625200e-02  2.7558512e-09
6.092800000e+00  1.2149197e-02  1.2149200e-02  2.8058818e-09
6.158200000e+00  1.1695328e-02  1.1695300e-02  3.2868520e-09
6.223600000e+00  1.1262338e-02  1.1262300e-02  3.9860214e-09
6.289000000e+00  1.0849093e-02  1.0849100e-02  4.4535017e-09
6.354400000e+00  1.0454528e-02  1.0454500e-02  3.7441166e-09
6.419800000e+00  1.0077644e-02  1.0077600e-02  3.4964119e-09
6.485200000e+00  9.7175059e-03  9.7174998e-03  3.4405599e-09
6.550600000e+00  9.3732328e-03  9.3732299e-03  3.5601927e-09
6.616000000e+00  9.0439980e-03  9.0439897e-03  3.6779603e-09
6.681400000e+00  8.7290249e-03  8.7290201e-03  4.6636563e-09
6.746800000e+00  8.4275815e-03  8.4275799e-03  5.6137973e-09
6.812200000e+00  8.1389787e-03  8.1389695e-03  5.2453621e-09
6.877600000e+00  7.8625707e-03  7.8625698e-03  5.5564944e-09
6.943000000e+00  7.5977465e-03  7.5977398e-03  5.6521620e-09
7.008400000e+00  7.3439316e-03  7.3439302e-03  6.0110907e-09
7.073800000e+00  7.1005830e-03  7.1005798e-03  5.8155113e-09
7.139200000e+00  6.8671904e-03  6.8671801e-03  6.2385736e-09
7.204600000e+00  6.6432701e-03  6.6432599e-03  6.0330150e-09
7.270000000e+00  6.4283673e-03  6.4283600e-03  6.1822997e-09
7.335400000e+00  6.2220510e-03  6.2220399e-03  6.1183195e-09
7.400800000e+00  6.0239137e-03  6.0239099e-03  4.9973588e-09
7.466200000e+00  5.8335742e-03  5.8335699e-03  6.2511263e-09
7.531600000e+00  5.6506634e-03  5.6506600e-03  4.5203287e-09
7.597000000e+00  5.4748437e-03  5.4748398e-03  6.3337094e-09
7.662400000e+00  5.3057820e-03  5.3057801e-03  4.3524951e-09
7.727800000e+00  5.1431759e-03  5.1431698e-03  4.6559650e-09
7.793200000e+00  4.9867307e-03  4.9867299e-03  4.9046192e-09
7.858600000e+00  4.8361702e-03  4.8361602e-03  5.8164349e-09
7.924000000e+00  4.6912296e-03  4.6912199e-03  5.3420375e-09
7.989400000e+00  4.5516611e-03  4.5516598e-03  4.6828327e-09
8.054800000e+00  4.4172293e-03  4.4172201e-03  4.9769404e-09
8.120200000e+00  4.2877085e-03  4.2877002e-03  4.7610964e-09
8.185600000e+00  4.1628868e-03  4.1628801e-03  5.2203426e-09
8.251000000e+00  4.0425607e-03  4.0425598e-03  5.3363441e-09
8.316400000e+00  3.9265380e-03  3.9265300e-03  5.2023518e-09
8.381800000e+00  3.8146362e-03  3.8146300e-03  5.1701392e-09
8.447200000e+00  3.7066817e-03  3.7066799e-03  5.3595653e-09
8.512600000e+00  3.6025089e-03  3.6025001e-03  5.7692550e-09
8.578000000e+00  3.5019598e-03  3.5019501e-03  5.5781771e-09
8.643400000e+00  3.4048851e-03  3.4048799e-03  5.5436834e-09
8.708800000e+00  3.3111423e-03  3.3111400e-03  5.6878269e-09
8.774200000e+00  3.2205953e-03  3.2205901e-03  5.8672214e-09
8.839600000e+00  3.1331145e-03  3.1331100e-03  5.8652959e-09
8.905000000e+00  3.0485767e-03  3.0485699e-03  6.0412598e-09
8.970400000e+00  2.9668639e-03  2.9668601e-03  6.0481625e-09
9.035800000e+00  2.8878641e-03  2.8878599e-03  6.1859431e-09
9.101200000e+00  2.8114701e-03  2.8114601e-03  6.2758515e-09
9.166600000e+00  2.7375799e-03  2.7375701e-03  6.5272456e-09
9.232000000e+00  2.6660960e-03  2.6660899e-03  7.0119314e-09
9.297400000e+00  2.5969247e-03  2.5969199e-03  7.3368843e-09
9.362800000e+00  2.5299769e-03  2.5299699e-03  7.2463018e-09
9.428200000e+00  2.4651672e-03  2.4651601e-03  6.4587679e-09
9.493600000e+00  2.4024148e-03  2.4024099e-03  5.4508478e-09
9.559000000e+00  2.3416442e-03  2.3416399e-03  6.4830637e-09
9.624400000e+00  2.2827772e-03  2.2827699e-03  5.5714723e-09
9.689800000e+00  2.2257465e-03  2.2257401e-03  6.5687022e-09
9.755200000e+00  2.1704813e-03  2.1704701e-03  6.7383563e-09
9.820600000e+00  2.1169178e-03  2.1169099e-03  7.2347992e-09
9.886000000e+00  2.0649931e-03  2.0649901e-03  7.6348367e-09
9.951400000e+00  2.0146475e-03  2.0146400e-03  7.8300300e-09
1.001680000e+01  1.9658237e-03  1.9658201e-03  7.8259747e-09
1.008220000e+01  1.9184672e-03  1.9184600e-03  7.7637081e-09
1.014760000e+01  1.8725257e-03  1.8725200e-03  7.8919367e-09
1.021300000e+01  1.8279487e-03  1.8279400e-03  8.1298672e-09
1.027840000e+01  1.7846880e-03  1.7846799e-03  8.3469462e-09
1.034380000e+01  1.7426969e-03  1.7426900e-03  8.1445823e-09
1.040920000e+01  1.7019313e-03  1.7019199e-03  7.9513535e-09
1.047460000e+01  1.6623493e-03  1.6623400e-03  8.3128244e-09
1.054000000e+01  1.6239091e-03  1.6239000e-03  8.4476722e-09
1.060540000e+01  1.5865717e-03  1.5865600e-03  8.4290439e-09
1.067080000e+01  1.5502993e-03  1.5502900e-03  8.3649644e-09
1.073620000e+01  1.5150559e-03  1.5150500e-03  8.2924432e-09
1.080160000e+01  1.4808068e-03  1.4808000e-03  8.2956585e-09
1.086700000e+01  1.4475185e-03  1.4475100e-03  8.2944515e-09
1.093240000e+01  1.4151589e-03  1.4151500e-03  8.3101048e-09
1.099780000e+01  1.3836972e-03  1.3836900e-03  8.4270347e-09
1.106320000e+01  1.3531035e-03  1.3530999e-03  8.3836018e-09
1.112860000e+01  1.3233494e-03  1.3233400e-03  8.4213738e-09
1.119400000e+01  1.2944075e-03  1.2944000e-03  8.4566383e-09
1.125940000e+01  1.2662514e-03  1.2662400e-03  8.5892700e-09
1.132480000e+01  1.2388555e-03  1.2388499e-03  8.5617797e-09
1.139020000e+01  1.2121955e-03  1.2121900e-03  8.5920650e-09
1.145560000e+01  1.1862477e-03  1.1862400e-03  8.6390177e-09
1.152100000e+01  1.1609896e-03  1.1609800e-03  8.6493997e-09
1.158640000e+01  1.1363992e-03  1.1363900e-03  8.6884120e-09
1.165180000e+01  1.1124555e-03  1.1124500e-03  8.7074973e-09
1.171720000e+01  1.0891386e-03  1.0891299e-03  8.9897829e-09
1.178260000e+01  1.0664281e-03  1.0664200e-03  8.8490872e-09
1.184800000e+01  1.0443058e-03  1.0443000e-03  8.8027536e-09
1.191340000e+01  1.0227536e-03  1.0227400e-03  8.8722906e-09
1.197880000e+01  1.0017536e-03  1.0017400e-03  8.8552530e-09
1.204420000e+01  9.8128934e-04  9.8128000e-04  8.9267476e-09
1.210960000e+01  9.6134431e-04  9.6133503e-04  9.0186291e-09
1.217500000e+01  9.4190271e-04  9.4189402e-04  9.0038920e-09
1.224040000e+01  9.2294963e-04  9.2294102e-04  9.1133054e-09
1.230580000e+01  9.0447036e-04  9.0446102e-04  9.2716573e-09
1.237120000e+01  8.8645069e-04  8.8644098e-04  9.4105096e-09
1.243660000e+01  8.6887701e-04  8.6886698e-04  9.5313410e-09
1.250200000e+01  8.5173623e-04  8.5172697e-04  9.7231048e-09
1.256740000e+01  8.3501544e-04  8.3500601e-04  9.7731496e-09
1.263280000e+01  8.1870423e-04  8.1869302e-04  1.1565835e-08
1.269820000e+01  8.0278495e-04  8.0277602e-04  9.3188295e-09
1.276360000e+01  7.8725273e-04  7.8724301e-04  9.6146618e-09
1.282900000e+01  7.7209371e-04  7.7208399e-04  9.6801634e-09
1.289440000e+01  7.5729746e-04  7.5728801e-04  9.7940168e-09
1.295980000e+01  7.4285376e-04  7.4284401e-04  1.0087373e-08
1.302520000e+01  7.2875250e-04  7.2874199e-04  1.0467567e-08
1.309060000e+01  7.1498402e-04  7.1497302e-04  1.0943628e-08
1.315600000e+01  7.0153931e-04  7.0152699e-04  1.1881863e-08
1.322140000e+01  6.8840918e-04  6.8839599e-04  1.3140375e-08
1.328680000e+01  6.7558400e-04  6.7556999e-04  1.3864501e-08
1.335220000e+01  6.6305577e-04  6.6304102e-04  1.4517426e-08
1.341760000e+01  6.5081603e-04  6.5080100e-04  1.4854702e-08
1.348300000e+01  6.3885639e-04  6.3884200e-04  1.4418289e-08
1.354840000e+01  6.2717112e-04  6.2715600e-04  1.5189379e-08
1.361380000e+01  6.1575041e-04  6.1573600e-04  1.4794311e-08
1.367920000e+01  6.0458853e-04  6.0457399e-04  1.4713996e-08
1.374460000e+01  5.9367871e-04  5.9366401e-04  1.5153180e-08
1.381000000e+01  5.8301300e-04  5.8299798e-04  1.4946477e-08
1.387540000e+01  5.7257939e-04  5.7257101e-04  8.6085679e-09
1.394080000e+01  5.6238917e-04  5.6237500e-04  1.3806028e-08
1.400620000e+01  5.5241885e-04  5.5240601e-04  1.3196723e-08
1.407160000e+01  5.4266805e-04  5.4265599e-04  1.2349183e-08
1.413700000e+01  5.3313064e-04  5.3312001e-04  1.0928286e-08
1.420240000e+01  5.2380127e-04  5.2379200e-04  9.1950075e-09
1.426780000e+01  5.1467522e-04  5.1466702e-04  7.8528141e-09
1.433320000e+01  5.0574726e-04  5.0574000e-04  6.9424408e-09
1.439860000e+01  4.9701170e-04  4.9700600e-04  5.8785267e-09
1.446400000e+01  4.8846450e-04  4.8845902e-04  5.5943363e-09
1.452940000e+01  4.8010012e-04  4.8009501e-04  5.3461506e-09
1.459480000e+01  4.7191392e-04  4.7190901e-04  5.1679209e-09
1.466020000e+01  4.6390145e-04  4.6389599e-04  5.1349611e-09
1.472560000e+01  4.5605820e-04  4.5605301e-04  5.1306657e-09
1.479100000e+01  4.4837981e-04  4.4837501e-04  5.0732834e-09
1.485640000e+01  4.4086230e-04  4.4085699e-04  5.0975103e-09
1.492180000e+01  4.3350147e-04  4.3349600e-04  5.0361173e-09
1.498720000e+01  4.2629331e-04  4.2628901e-04  4.7954402e-09
1.505260000e+01  4.1923476e-04  4.1923000e-04  5.0932161e-09
1.511800000e+01  4.1232130e-04  4.1231600e-04  5.0884163e-09
1.518340000e+01  4.0554973e-04  4.0554500e-04  5.1584368e-09
1.524880000e+01  3.9891644e-04  3.9891101e-04  5.1639870e-09
1.531420000e+01  3.9241809e-04  3.9241300e-04  5.1519969e-09
1.537960000e+01  3.8605141e-04  3.8604601e-04  5.1223218e-09
1.544500000e+01  3.7981352e-04  3.7980801e-04  5.3948645e-09
1.551040000e+01  3.7370084e-04  3.7369499e-04  5.4563904e-09
1.557580000e+01  3.6771081e-04  3.6770501e-04  5.7918348e-09
1.564120000e+01  3.6184043e-04  3.6183401e-04  6.3107829e-09
1.570660000e+01  3.5608642e-04  3.5608001e-04  6.5769915e-09
1.577200000e+01  3.5044663e-04  3.5043899e-04  7.2090152e-09
1.583740000e+01  3.4491839e-04  3.4490999e-04  8.2337413e-09
1.590280000e+01  3.3949851e-04  3.3948899e-04  9.0772937e-09
1.596820000e+01  3.3418525e-04  3.3417501e-04  1.0531655e-08
1.603360000e+01  3.2897451e-04  3.2896400e-04  1.0985372e-08
1.609900000e+01  3.2386637e-04  3.2385299e-04  1.2930989e-08
1.616440000e+01  3.1885163e-04  3.1884201e-04  9.4930947e-09
1.622980000e+01  3.1393753e-04  3.1392701e-04  1.0207073e-08
1.629520000e+01  3.0911933e-04  3.0910701e-04  1.2557483e-08
1.636060000e+01  3.0439147e-04  3.0437799e-04  1.3132041e-08
1.642600000e+01  2.9975216e-04  2.9974000e-04  1.2244104e-08
1.649140000e+01  2.9520229e-04  2.9518901e-04  1.2830799e-08
1.655680000e+01  2.9073728e-04  2.9072500e-04  1.2316115e-08
1.662220000e+01  2.8635729e-04  2.8634400e-04  1.2788960e-08
1.668760000e+01  2.8205867e-04  2.8204601e-04  1.2492709e-08
1.675300000e+01  2.7784032e-04  2.7782799e-04  1.2171004e-08
1.681840000e+01  2.7370094e-04  2.7368899e-04  1.2304323e-08
1.688380000e+01  2.6963801e-04  2.6962601e-04  1.2129283e-08
1.694920000e+01  2.6564990e-04  2.6563799e-04  1.1715332e-08
1.701460000e+01  2.6173542e-04  2.6172400e-04  1.1522250e-08
1.708000000e+01  2.5789249e-04  2.5788101e-04  1.1096707e-08
1.714540000e+01  2.5411999e-04  2.5410901e-04  1.0879792e-08
1.721080000e+01  2.5041660e-04  2.5040601e-04  1.1095459e-08
1.727620000e+01  2.4677897e-04  2.4676899e-04  9.8796648e-09
1.734160000e+01  2.4320876e-04  2.4319800e-04  1.0346445e-08
1.740700000e+01  2.3970132e-04  2.3969200e-04  9.2725777e-09
1.747240000e+01  2.3625783e-04  2.3624900e-04  9.2334017e-09
1.753780000e+01  2.3287622e-04  2.3286699e-04  9.4802421e-09
1.760320000e+01  2.2955497e-04  2.2954500e-04  9.8249186e-09
1.766860000e+01  2.2629140e-04  2.2628299e-04  8.8792138e-09
1.773400000e+01  2.2308668e-04  2.2307799e-04  9.0498279e-09
1.779940000e+01  2.1993752e-04  2.1992900e-04  8.2723640e-09
1.786480000e+01  2.1684421e-04  2.1683599e-04  8.0332218e-09
1.793020000e+01  2.1380537e-04  2.1379700e-04  8.1048506e-09
1.799560000e+01  2.1081978e-04  2.1081101e-04  8.4084756e-09
1.806100000e+01  2.0788571e-04  2.0787700e-04  8.3114147e-09
1.812640000e+01  2.0500232e-04  2.0499399e-04  8.0615442e-09
1.819180000e+01  2.0216977e-04  2.0216100e-04  8.8563170e-09
1.825720000e+01  1.9938555e-04  1.9937599e-04  9.2386023e-09
1.832260000e+01  1.9664928e-04  1.9663900e-04  9.8092770e-09
1.838800000e+01  1.9395779e-04  1.9394900e-04  8.3786890e-09
1.845340000e+01  1.9131353e-04  1.9130499e-04  8.3700310e-09
1.851880000e+01  1.8871368e-04  1.8870601e-04  7.8813703e-09
1.858420000e+01  1.8615822e-04  1.8615001e-04  7.7953369e-09
1.864960000e+01  1.8364695e-04  1.8363800e-04  8.8246094e-09
1.871500000e+01  1.8117584e-04  1.8116800e-04  7.7966665e-09
1.878040000e+01  1.7874690e-04  1.7873901e-04  7.5587672e-09
1.884580000e+01  1.7635870e-04  1.7635099e-04  7.5238658e-09
1.891120000e+01  1.7401050e-04  1.7400300e-04  7.7542091e-09
1.897660000e+01  1.7170206e-04  1.7169300e-04  8.8009626e-09
1.904200000e+01  1.6943077e-04  1.6942200e-04  8.8317508e-09
1.910740000e+01  1.6719572e-04  1.6718800e-04  7.6789281e-09
1.917280000e+01  1.6499850e-04  1.6499100e-04  7.6824444e-09
1.923820000e+01  1.6283852e-04  1.6282999e-04  8.9669138e-09
1.930360000e+01  1.6071274e-04  1.6070400e-04  9.1870170e-09
1.936900000e+01  1.5862101e-04  1.5861201e-04  8.8948129e-09
1.943440000e+01  1.5656234e-04  1.5655500e-04  7.7647890e-09
1.949980000e+01  1.5453769e-04  1.5453000e-04  7.4108428e-09
1.956520000e+01  1.5254652e-04  1.5253900e-04  7.9408174e-09
1.963060000e+01  1.5058643e-04  1.5057900e-04  7.5877896e-09
1.969600000e+01  1.4865896e-04  1.4865000e-04  8.4942802e-09
1.976140000e+01  1.4676116e-04  1.4675299e-04  8.3058850e-09
1.982680000e+01  1.4489330e-04  1.4488499e-04  7.8941477e-09
1.989220000e+01  1.4305631e-04  1.4304800e-04  8.7597675e-09
1.995760000e+01  1.4124675e-04  1.4123900e-04  8.0047958e-09
