# WARNING | PUMAS | Some species, NO, HNO3, do not have optimized correlated-k tables for the defined moderate resolutions, and will be analyzed at sub-par resolutions. In particular, there will be issues at the line cores.
# WARNING | PUMAS | The maximum asymmetry has been capped to 0.01 for these high observing angles.
# 3D spectroscopic simulation - Spatial binning of 5 (198 calculations)
# ------------------------------------------------------------------------
# Radiance spectrum
# NASA-GSFC Planetary Spectrum Generator (PSG) (Villanueva et al. 2018, 2022)
# Synthesized on Mon Feb 26 16:17:43 2024
# Doppler velocities [km/s] (vobs,vrot+vorb,vwidth,vrfl,vstr): -21.10000,0.00000,0.00000,0.00000,-0.00129
# ------------------------------------------------------------------------
# Spectra synthesized with the Planetary and Universal Model of Atmospheric Scattering (PUMAS, Villanueva et al. 2018, 2022)
# Muliple scattering method employing PSGDORT, NMAX:2 / LMAX:4 / gMAX:0.01
# ------------------------------------------------------------------------
# Spectral unit: Wavelength [um]
# Radiance unit: Spectral radiance [W/sr/m2/um]
# Wave/freq Total Stellar Proxima-Cen-b
4.000000000e+00  5.1704963e-02  5.1704999e-02  9.8070316e-10
4.065400000e+00  4.9007643e-02  4.9007598e-02  8.0186858e-10
4.130800000e+00  4.6481282e-02  4.6481300e-02  7.1511844e-10
4.196200000e+00  4.4113271e-02  4.4113301e-02  1.1870565e-10
4.261600000e+00  4.1892052e-02  4.1892100e-02  5.7665871e-12
4.327000000e+00  3.9807018e-02  3.9806999e-02  9.4261629e-12
4.392400000e+00  3.7848424e-02  3.7848402e-02  4.7717777e-11
4.457800000e+00  3.6007319e-02  3.6007300e-02  6.7880680e-10
4.523200000e+00  3.4275469e-02  3.4275498e-02  9.2033626e-10
4.588600000e+00  3.2645293e-02  3.2645300e-02  9.4990898e-10
4.654000000e+00  3.1109803e-02  3.1109801e-02  9.7772461e-10
4.719400000e+00  2.9662563e-02  2.9662600e-02  8.5761450e-10
4.784800000e+00  2.8297632e-02  2.8297599e-02  9.8512235e-10
4.850200000e+00  2.7009521e-02  2.7009500e-02  1.1462914e-09
4.915600000e+00  2.5793158e-02  2.5793200e-02  1.1648430e-09
4.981000000e+00  2.4643855e-02  2.4643900e-02  1.2183575e-09
5.046400000e+00  2.3557272e-02  2.3557300e-02  1.2833569e-09
5.111800000e+00  2.2529387e-02  2.2529401e-02  1.3992590e-09
5.177200000e+00  2.1556474e-02  2.1556500e-02  1.5262198e-09
5.242600000e+00  2.0635078e-02  2.0635100e-02  1.6724595e-09
5.308000000e+00  1.9761989e-02  1.9762000e-02  1.7725090e-09
5.373400000e+00  1.8934227e-02  1.8934200e-02  1.9315957e-09
5.438800000e+00  1.8149023e-02  1.8149000e-02  2.1614406e-09
5.504200000e+00  1.7403800e-02  1.7403800e-02  2.3355394e-09
5.569600000e+00  1.6696160e-02  1.6696200e-02  2.3616301e-09
5.635000000e+00  1.6023869e-02  1.6023900e-02  2.3579205e-09
5.700400000e+00  1.5384847e-02  1.5384800e-02  2.4210543e-09
5.765800000e+00  1.4777151e-02  1.4777100e-02  2.4345338e-09
5.831200000e+00  1.4198971e-02  1.4199000e-02  2.5808000e-09
5.896600000e+00  1.3648615e-02  1.3648600e-02  2.3111126e-09
5.962000000e+00  1.3124503e-02  1.3124500e-02  2.4011697e-09
6.027400000e+00  1.2625158e-02  1.2625200e-02  2.6697990e-09
6.092800000e+00  1.2149197e-02  1.2149200e-02  2.6506668e-09
6.158200000e+00  1.1695328e-02  1.1695300e-02  3.1698995e-09
6.223600000e+00  1.1262338e-02  1.1262300e-02  4.2189981e-09
6.289000000e+00  1.0849094e-02  1.0849100e-02  4.9526675e-09
6.354400000e+00  1.0454527e-02  1.0454500e-02  3.5803836e-09
6.419800000e+00  1.0077644e-02  1.0077600e-02  3.1905323e-09
6.485200000e+00  9.7175056e-03  9.7174998e-03  3.0937460e-09
6.550600000e+00  9.3732325e-03  9.3732299e-03  3.2237054e-09
6.616000000e+00  9.0439976e-03  9.0439897e-03  3.3477310e-09
6.681400000e+00  8.7290248e-03  8.7290201e-03  4.5977200e-09
6.746800000e+00  8.4275821e-03  8.4275799e-03  6.1694612e-09
6.812200000e+00  8.1389789e-03  8.1389695e-03  5.4143578e-09
6.877600000e+00  7.8625712e-03  7.8625698e-03  5.9876646e-09
6.943000000e+00  7.5977472e-03  7.5977398e-03  6.3524599e-09
7.008400000e+00  7.3439324e-03  7.3439302e-03  6.8181158e-09
7.073800000e+00  7.1005843e-03  7.1005798e-03  7.1068641e-09
7.139200000e+00  6.8671912e-03  6.8671801e-03  6.9888274e-09
7.204600000e+00  6.6432715e-03  6.6432599e-03  7.4333653e-09
7.270000000e+00  6.4283687e-03  6.4283600e-03  7.5737497e-09
7.335400000e+00  6.2220526e-03  6.2220399e-03  7.6237567e-09
7.400800000e+00  6.0239158e-03  6.0239099e-03  7.1063864e-09
7.466200000e+00  5.8335759e-03  5.8335699e-03  7.9822368e-09
7.531600000e+00  5.6506658e-03  5.6506600e-03  6.9526674e-09
7.597000000e+00  5.4748457e-03  5.4748398e-03  8.3706748e-09
7.662400000e+00  5.3057846e-03  5.3057801e-03  6.9266121e-09
7.727800000e+00  5.1431785e-03  5.1431698e-03  7.2731787e-09
7.793200000e+00  4.9867333e-03  4.9867299e-03  7.5350996e-09
7.858600000e+00  4.8361727e-03  4.8361602e-03  8.2793094e-09
7.924000000e+00  4.6912323e-03  4.6912199e-03  8.0109987e-09
7.989400000e+00  4.5516639e-03  4.5516598e-03  7.5204069e-09
8.054800000e+00  4.4172322e-03  4.4172201e-03  7.8315135e-09
8.120200000e+00  4.2877114e-03  4.2877002e-03  7.7096508e-09
8.185600000e+00  4.1628897e-03  4.1628801e-03  8.1715609e-09
8.251000000e+00  4.0425637e-03  4.0425598e-03  8.3237744e-09
8.316400000e+00  3.9265411e-03  3.9265300e-03  8.2512784e-09
8.381800000e+00  3.8146394e-03  3.8146300e-03  8.2783015e-09
8.447200000e+00  3.7066848e-03  3.7066799e-03  8.4866914e-09
8.512600000e+00  3.6025120e-03  3.6025001e-03  8.8877765e-09
8.578000000e+00  3.5019629e-03  3.5019501e-03  8.7521159e-09
8.643400000e+00  3.4048883e-03  3.4048799e-03  8.7496725e-09
8.708800000e+00  3.3111455e-03  3.3111400e-03  8.9057479e-09
8.774200000e+00  3.2205985e-03  3.2205901e-03  9.0904374e-09
8.839600000e+00  3.1331177e-03  3.1331100e-03  9.0774876e-09
8.905000000e+00  3.0485799e-03  3.0485699e-03  9.2677258e-09
8.970400000e+00  2.9668671e-03  2.9668601e-03  9.3257419e-09
9.035800000e+00  2.8878674e-03  2.8878599e-03  9.5263746e-09
9.101200000e+00  2.8114735e-03  2.8114601e-03  9.6295893e-09
9.166600000e+00  2.7375832e-03  2.7375701e-03  9.8646543e-09
9.232000000e+00  2.6660992e-03  2.6660899e-03  1.0305762e-08
9.297400000e+00  2.5969280e-03  2.5969199e-03  1.0625956e-08
9.362800000e+00  2.5299798e-03  2.5299699e-03  1.0175165e-08
9.428200000e+00  2.4651691e-03  2.4651601e-03  8.3919575e-09
9.493600000e+00  2.4024163e-03  2.4024099e-03  6.9296956e-09
9.559000000e+00  2.3416465e-03  2.3416399e-03  8.7115065e-09
9.624400000e+00  2.2827789e-03  2.2827699e-03  7.2284891e-09
9.689800000e+00  2.2257484e-03  2.2257401e-03  8.4670160e-09
9.755200000e+00  2.1704833e-03  2.1704701e-03  8.6807955e-09
9.820600000e+00  2.1169200e-03  2.1169099e-03  9.4043948e-09
9.886000000e+00  2.0649956e-03  2.0649901e-03  1.0140050e-08
9.951400000e+00  2.0146504e-03  2.0146400e-03  1.0710772e-08
1.001680000e+01  1.9658269e-03  1.9658201e-03  1.1049929e-08
1.008220000e+01  1.9184707e-03  1.9184600e-03  1.1264835e-08
1.014760000e+01  1.8725293e-03  1.8725200e-03  1.1508978e-08
1.021300000e+01  1.8279524e-03  1.8279400e-03  1.1793216e-08
1.027840000e+01  1.7846917e-03  1.7846799e-03  1.2002306e-08
1.034380000e+01  1.7427006e-03  1.7426900e-03  1.1847568e-08
1.040920000e+01  1.7019351e-03  1.7019199e-03  1.1700839e-08
1.047460000e+01  1.6623530e-03  1.6623400e-03  1.2021066e-08
1.054000000e+01  1.6239128e-03  1.6239000e-03  1.2148759e-08
1.060540000e+01  1.5865754e-03  1.5865600e-03  1.2145576e-08
1.067080000e+01  1.5503031e-03  1.5502900e-03  1.2100817e-08
1.073620000e+01  1.5150597e-03  1.5150500e-03  1.2045023e-08
1.080160000e+01  1.4808106e-03  1.4808000e-03  1.2053800e-08
1.086700000e+01  1.4475223e-03  1.4475100e-03  1.2056840e-08
1.093240000e+01  1.4151626e-03  1.4151500e-03  1.2072045e-08
1.099780000e+01  1.3837009e-03  1.3836900e-03  1.2180229e-08
1.106320000e+01  1.3531072e-03  1.3530999e-03  1.2135894e-08
1.112860000e+01  1.3233532e-03  1.3233400e-03  1.2166836e-08
1.119400000e+01  1.2944112e-03  1.2944000e-03  1.2195185e-08
1.125940000e+01  1.2662551e-03  1.2662400e-03  1.2310511e-08
1.132480000e+01  1.2388592e-03  1.2388499e-03  1.2281533e-08
1.139020000e+01  1.2121992e-03  1.2121900e-03  1.2303356e-08
1.145560000e+01  1.1862514e-03  1.1862400e-03  1.2339712e-08
1.152100000e+01  1.1609933e-03  1.1609800e-03  1.2342445e-08
1.158640000e+01  1.1364029e-03  1.1363900e-03  1.2369378e-08
1.165180000e+01  1.1124592e-03  1.1124500e-03  1.2378409e-08
1.171720000e+01  1.0891422e-03  1.0891299e-03  1.2634193e-08
1.178260000e+01  1.0664318e-03  1.0664200e-03  1.2489861e-08
1.184800000e+01  1.0443095e-03  1.0443000e-03  1.2435811e-08
1.191340000e+01  1.0227572e-03  1.0227400e-03  1.2490613e-08
1.197880000e+01  1.0017572e-03  1.0017400e-03  1.2462108e-08
1.204420000e+01  9.8129292e-04  9.8128000e-04  1.2514277e-08
1.210960000e+01  9.6134788e-04  9.6133503e-04  1.2586371e-08
1.217500000e+01  9.4190627e-04  9.4189402e-04  1.2556855e-08
1.224040000e+01  9.2295316e-04  9.2294102e-04  1.2639010e-08
1.230580000e+01  9.0447385e-04  9.0446102e-04  1.2763479e-08
1.237120000e+01  8.8645414e-04  8.8644098e-04  1.2864664e-08
1.243660000e+01  8.6888043e-04  8.6886698e-04  1.2957088e-08
1.250200000e+01  8.5173962e-04  8.5172697e-04  1.3108701e-08
1.256740000e+01  8.3501880e-04  8.3500601e-04  1.3139235e-08
1.263280000e+01  8.1870715e-04  8.1869302e-04  1.4491279e-08
1.269820000e+01  8.0278834e-04  8.0277602e-04  1.2702126e-08
1.276360000e+01  7.8725606e-04  7.8724301e-04  1.2939031e-08
1.282900000e+01  7.7209700e-04  7.7208399e-04  1.2974970e-08
1.289440000e+01  7.5730072e-04  7.5728801e-04  1.3053508e-08
1.295980000e+01  7.4285694e-04  7.4284401e-04  1.3270501e-08
1.302520000e+01  7.2875560e-04  7.2874199e-04  1.3571623e-08
1.309060000e+01  7.1498698e-04  7.1497302e-04  1.3910453e-08
1.315600000e+01  7.0154205e-04  7.0152699e-04  1.4628653e-08
1.322140000e+01  6.8841155e-04  6.8839599e-04  1.5516382e-08
1.328680000e+01  6.7558608e-04  6.7556999e-04  1.5941549e-08
1.335220000e+01  6.6305747e-04  6.6304102e-04  1.6210416e-08
1.341760000e+01  6.5081742e-04  6.5080100e-04  1.6243511e-08
1.348300000e+01  6.3885682e-04  6.3884200e-04  1.4850929e-08
1.354840000e+01  6.2717176e-04  6.2715600e-04  1.5826292e-08
1.361380000e+01  6.1575097e-04  6.1573600e-04  1.5357182e-08
1.367920000e+01  6.0458912e-04  6.0457399e-04  1.5298404e-08
1.374460000e+01  5.9367941e-04  5.9366401e-04  1.5857066e-08
1.381000000e+01  5.8301368e-04  5.8299798e-04  1.5618926e-08
1.387540000e+01  5.7257932e-04  5.7257101e-04  8.5410296e-09
1.394080000e+01  5.6238933e-04  5.6237500e-04  1.3970810e-08
1.400620000e+01  5.5241888e-04  5.5240601e-04  1.3227065e-08
1.407160000e+01  5.4266796e-04  5.4265599e-04  1.2258872e-08
1.413700000e+01  5.3313045e-04  5.3312001e-04  1.0749041e-08
1.420240000e+01  5.2380108e-04  5.2379200e-04  9.0000257e-09
1.426780000e+01  5.1467502e-04  5.1466702e-04  7.6535934e-09
1.433320000e+01  5.0574706e-04  5.0574000e-04  6.7394455e-09
1.439860000e+01  4.9701153e-04  4.9700600e-04  5.7056927e-09
1.446400000e+01  4.8846434e-04  4.8845902e-04  5.4306473e-09
1.452940000e+01  4.8009998e-04  4.8009501e-04  5.2077701e-09
1.459480000e+01  4.7191383e-04  4.7190901e-04  5.0799176e-09
1.466020000e+01  4.6390137e-04  4.6389599e-04  5.0566537e-09
1.472560000e+01  4.5605813e-04  4.5605301e-04  5.0603290e-09
1.479100000e+01  4.4837977e-04  4.4837501e-04  5.0224140e-09
1.485640000e+01  4.4086224e-04  4.4085699e-04  5.0396342e-09
1.492180000e+01  4.3350143e-04  4.3349600e-04  4.9956594e-09
1.498720000e+01  4.2629332e-04  4.2628901e-04  4.8047842e-09
1.505260000e+01  4.1923471e-04  4.1923000e-04  5.0433665e-09
1.511800000e+01  4.1232125e-04  4.1231600e-04  5.0330009e-09
1.518340000e+01  4.0554966e-04  4.0554500e-04  5.0896866e-09
1.524880000e+01  3.9891637e-04  3.9891101e-04  5.0929170e-09
1.531420000e+01  3.9241802e-04  3.9241300e-04  5.0846244e-09
1.537960000e+01  3.8605134e-04  3.8604601e-04  5.0539463e-09
1.544500000e+01  3.7981340e-04  3.7980801e-04  5.2675536e-09
1.551040000e+01  3.7370070e-04  3.7369499e-04  5.3235409e-09
1.557580000e+01  3.6771065e-04  3.6770501e-04  5.6295321e-09
1.564120000e+01  3.6184024e-04  3.6183401e-04  6.1213666e-09
1.570660000e+01  3.5608624e-04  3.5608001e-04  6.3969671e-09
1.577200000e+01  3.5044644e-04  3.5043899e-04  7.0213189e-09
1.583740000e+01  3.4491820e-04  3.4490999e-04  8.0403679e-09
1.590280000e+01  3.3949833e-04  3.3948899e-04  8.8899651e-09
1.596820000e+01  3.3418511e-04  3.3417501e-04  1.0390847e-08
1.603360000e+01  3.2897445e-04  3.2896400e-04  1.0927311e-08
1.609900000e+01  3.2386662e-04  3.2385299e-04  1.3182026e-08
1.616440000e+01  3.1885154e-04  3.1884201e-04  9.4034354e-09
1.622980000e+01  3.1393745e-04  3.1392701e-04  1.0128831e-08
1.629520000e+01  3.0911950e-04  3.0910701e-04  1.2720620e-08
1.636060000e+01  3.0439182e-04  3.0437799e-04  1.3483253e-08
1.642600000e+01  2.9975236e-04  2.9974000e-04  1.2446685e-08
1.649140000e+01  2.9520269e-04  2.9518901e-04  1.3238902e-08
1.655680000e+01  2.9073760e-04  2.9072500e-04  1.2636673e-08
1.662220000e+01  2.8635792e-04  2.8634400e-04  1.3419223e-08
1.668760000e+01  2.8205922e-04  2.8204601e-04  1.3042827e-08
1.675300000e+01  2.7784066e-04  2.7782799e-04  1.2507460e-08
1.681840000e+01  2.7370169e-04  2.7368899e-04  1.3054207e-08
1.688380000e+01  2.6963885e-04  2.6962601e-04  1.2974100e-08
1.694920000e+01  2.6565107e-04  2.6563799e-04  1.2886265e-08
1.701460000e+01  2.6173671e-04  2.6172400e-04  1.2816356e-08
1.708000000e+01  2.5789393e-04  2.5788101e-04  1.2534230e-08
1.714540000e+01  2.5412150e-04  2.5410901e-04  1.2394043e-08
1.721080000e+01  2.5041787e-04  2.5040601e-04  1.2365708e-08
1.727620000e+01  2.4678080e-04  2.4676899e-04  1.1709709e-08
1.734160000e+01  2.4321029e-04  2.4319800e-04  1.1882071e-08
1.740700000e+01  2.3970324e-04  2.3969200e-04  1.1200637e-08
1.747240000e+01  2.3625973e-04  2.3624900e-04  1.1130571e-08
1.753780000e+01  2.3287802e-04  2.3286699e-04  1.1278189e-08
1.760320000e+01  2.2955667e-04  2.2954500e-04  1.1525155e-08
1.766860000e+01  2.2629325e-04  2.2628299e-04  1.0728184e-08
1.773400000e+01  2.2308844e-04  2.2307799e-04  1.0806616e-08
1.779940000e+01  2.1993948e-04  2.1992900e-04  1.0235575e-08
1.786480000e+01  2.1684618e-04  2.1683599e-04  1.0002227e-08
1.793020000e+01  2.1380732e-04  2.1379700e-04  1.0051833e-08
1.799560000e+01  2.1082164e-04  2.1081101e-04  1.0264617e-08
1.806100000e+01  2.0788756e-04  2.0787700e-04  1.0163218e-08
1.812640000e+01  2.0500422e-04  2.0499399e-04  9.9603407e-09
1.819180000e+01  2.0217151e-04  2.0216100e-04  1.0600554e-08
1.825720000e+01  1.9938721e-04  1.9937599e-04  1.0899794e-08
1.832260000e+01  1.9665051e-04  1.9663900e-04  1.1035110e-08
1.838800000e+01  1.9395951e-04  1.9394900e-04  1.0106438e-08
1.845340000e+01  1.9131521e-04  1.9130499e-04  1.0045372e-08
1.851880000e+01  1.8871550e-04  1.8870601e-04  9.6982910e-09
1.858420000e+01  1.8616002e-04  1.8615001e-04  9.6017771e-09
1.864960000e+01  1.8364841e-04  1.8363800e-04  1.0289510e-08
1.871500000e+01  1.8117762e-04  1.8116800e-04  9.5722049e-09
1.878040000e+01  1.7874867e-04  1.7873901e-04  9.3244741e-09
1.884580000e+01  1.7636045e-04  1.7635099e-04  9.2758989e-09
1.891120000e+01  1.7401223e-04  1.7400300e-04  9.4871387e-09
1.897660000e+01  1.7170350e-04  1.7169300e-04  1.0246342e-08
1.904200000e+01  1.6943206e-04  1.6942200e-04  1.0124328e-08
1.910740000e+01  1.6719742e-04  1.6718800e-04  9.3805339e-09
1.917280000e+01  1.6500018e-04  1.6499100e-04  9.3621119e-09
1.923820000e+01  1.6283982e-04  1.6282999e-04  1.0266059e-08
1.930360000e+01  1.6071380e-04  1.6070400e-04  1.0246816e-08
1.936900000e+01  1.5862234e-04  1.5861201e-04  1.0227700e-08
1.943440000e+01  1.5656396e-04  1.5655500e-04  9.3887758e-09
1.949980000e+01  1.5453930e-04  1.5453000e-04  9.0208470e-09
1.956520000e+01  1.5254803e-04  1.5253900e-04  9.4573859e-09
1.963060000e+01  1.5058801e-04  1.5057900e-04  9.1629869e-09
1.969600000e+01  1.4866011e-04  1.4865000e-04  9.6451658e-09
1.976140000e+01  1.4676244e-04  1.4675299e-04  9.5849023e-09
1.982680000e+01  1.4489481e-04  1.4488499e-04  9.4001718e-09
1.989220000e+01  1.4305740e-04  1.4304800e-04  9.8429432e-09
1.995760000e+01  1.4124807e-04  1.4123900e-04  9.3310926e-09
