# WARNING | PUMAS | Some species, NO, HNO3, do not have optimized correlated-k tables for the defined moderate resolutions, and will be analyzed at sub-par resolutions. In particular, there will be issues at the line cores.
# WARNING | PUMAS | The maximum asymmetry has been capped to 0.01 for these high observing angles.
# 3D spectroscopic simulation - Spatial binning of 5 (216 calculations)
# ------------------------------------------------------------------------
# Radiance spectrum
# NASA-GSFC Planetary Spectrum Generator (PSG) (Villanueva et al. 2018, 2022)
# Synthesized on Mon Feb 26 15:16:31 2024
# Doppler velocities [km/s] (vobs,vrot+vorb,vwidth,vrfl,vstr): -21.10000,0.00000,0.00000,0.00000,0.00117
# ------------------------------------------------------------------------
# Spectra synthesized with the Planetary and Universal Model of Atmospheric Scattering (PUMAS, Villanueva et al. 2018, 2022)
# Muliple scattering method employing PSGDORT, NMAX:2 / LMAX:4 / gMAX:0.01
# ------------------------------------------------------------------------
# Spectral unit: Wavelength [um]
# Radiance unit: Spectral radiance [W/sr/m2/um]
# Wave/freq Total Stellar Proxima-Cen-b
4.000000000e+00  5.1704965e-02  5.1704999e-02  3.4808026e-09
4.065400000e+00  4.9007645e-02  4.9007598e-02  2.5964637e-09
4.130800000e+00  4.6481283e-02  4.6481300e-02  1.9628544e-09
4.196200000e+00  4.4113271e-02  4.4113301e-02  1.7674949e-10
4.261600000e+00  4.1892052e-02  4.1892100e-02  5.6800646e-12
4.327000000e+00  3.9807018e-02  3.9806999e-02  9.8344964e-12
4.392400000e+00  3.7848424e-02  3.7848402e-02  5.4730557e-11
4.457800000e+00  3.6007319e-02  3.6007300e-02  9.7522693e-10
4.523200000e+00  3.4275470e-02  3.4275498e-02  2.4166213e-09
4.588600000e+00  3.2645294e-02  3.2645300e-02  2.6879982e-09
4.654000000e+00  3.1109805e-02  3.1109801e-02  2.7533297e-09
4.719400000e+00  2.9662565e-02  2.9662600e-02  2.3557160e-09
4.784800000e+00  2.8297633e-02  2.8297599e-02  2.4806287e-09
4.850200000e+00  2.7009522e-02  2.7009500e-02  2.4722103e-09
4.915600000e+00  2.5793160e-02  2.5793200e-02  2.9572264e-09
4.981000000e+00  2.4643857e-02  2.4643900e-02  3.0380608e-09
5.046400000e+00  2.3557274e-02  2.3557300e-02  3.1869759e-09
5.111800000e+00  2.2529389e-02  2.2529401e-02  3.1142634e-09
5.177200000e+00  2.1556476e-02  2.1556500e-02  3.0139211e-09
5.242600000e+00  2.0635079e-02  2.0635100e-02  3.2057020e-09
5.308000000e+00  1.9761990e-02  1.9762000e-02  3.4129599e-09
5.373400000e+00  1.8934228e-02  1.8934200e-02  3.4604537e-09
5.438800000e+00  1.8149024e-02  1.8149000e-02  3.3147323e-09
5.504200000e+00  1.7403801e-02  1.7403800e-02  3.7086947e-09
5.569600000e+00  1.6696161e-02  1.6696200e-02  3.3982367e-09
5.635000000e+00  1.6023870e-02  1.6023900e-02  3.3102678e-09
5.700400000e+00  1.5384848e-02  1.5384800e-02  3.3097065e-09
5.765800000e+00  1.4777152e-02  1.4777100e-02  3.3321369e-09
5.831200000e+00  1.4198972e-02  1.4199000e-02  3.5016407e-09
5.896600000e+00  1.3648616e-02  1.3648600e-02  3.0890086e-09
5.962000000e+00  1.3124504e-02  1.3124500e-02  3.1733806e-09
6.027400000e+00  1.2625159e-02  1.2625200e-02  3.5229445e-09
6.092800000e+00  1.2149198e-02  1.2149200e-02  3.4483229e-09
6.158200000e+00  1.1695329e-02  1.1695300e-02  4.1348679e-09
6.223600000e+00  1.1262340e-02  1.1262300e-02  5.5366059e-09
6.289000000e+00  1.0849095e-02  1.0849100e-02  6.5505960e-09
6.354400000e+00  1.0454528e-02  1.0454500e-02  4.5830466e-09
6.419800000e+00  1.0077645e-02  1.0077600e-02  3.9845688e-09
6.485200000e+00  9.7175063e-03  9.7174998e-03  3.8548146e-09
6.550600000e+00  9.3732332e-03  9.3732299e-03  4.0020757e-09
6.616000000e+00  9.0439984e-03  9.0439897e-03  4.1543871e-09
6.681400000e+00  8.7290260e-03  8.7290201e-03  5.8469582e-09
6.746800000e+00  8.4275839e-03  8.4275799e-03  8.0468307e-09
6.812200000e+00  8.1389805e-03  8.1389695e-03  6.9941227e-09
6.877600000e+00  7.8625730e-03  7.8625698e-03  7.7911293e-09
6.943000000e+00  7.5977493e-03  7.5977398e-03  8.4949043e-09
7.008400000e+00  7.3439347e-03  7.3439302e-03  9.0937787e-09
7.073800000e+00  7.1005871e-03  7.1005798e-03  9.9865005e-09
7.139200000e+00  6.8671934e-03  6.8671801e-03  9.2367760e-09
7.204600000e+00  6.6432746e-03  6.6432599e-03  1.0503391e-08
7.270000000e+00  6.4283718e-03  6.4283600e-03  1.0661900e-08
7.335400000e+00  6.2220558e-03  6.2220399e-03  1.0881356e-08
7.400800000e+00  6.0239202e-03  6.0239099e-03  1.1521269e-08
7.466200000e+00  5.8335795e-03  5.8335699e-03  1.1569805e-08
7.531600000e+00  5.6506708e-03  5.6506600e-03  1.1993000e-08
7.597000000e+00  5.4748498e-03  5.4748398e-03  1.2401365e-08
7.662400000e+00  5.3057900e-03  5.3057801e-03  1.2269145e-08
7.727800000e+00  5.1431838e-03  5.1431698e-03  1.2593414e-08
7.793200000e+00  4.9867387e-03  4.9867299e-03  1.2872641e-08
7.858600000e+00  4.8361776e-03  4.8361602e-03  1.3201333e-08
7.924000000e+00  4.6912376e-03  4.6912199e-03  1.3353994e-08
7.989400000e+00  4.5516697e-03  4.5516598e-03  1.3316735e-08
8.054800000e+00  4.4172379e-03  4.4172201e-03  1.3605904e-08
8.120200000e+00  4.2877174e-03  4.2877002e-03  1.3697758e-08
8.185600000e+00  4.1628956e-03  4.1628801e-03  1.4079031e-08
8.251000000e+00  4.0425696e-03  4.0425598e-03  1.4279382e-08
8.316400000e+00  3.9265472e-03  3.9265300e-03  1.4363966e-08
8.381800000e+00  3.8146456e-03  3.8146300e-03  1.4506440e-08
8.447200000e+00  3.7066911e-03  3.7066799e-03  1.4720360e-08
8.512600000e+00  3.6025182e-03  3.6025001e-03  1.5024716e-08
8.578000000e+00  3.5019692e-03  3.5019501e-03  1.5058584e-08
8.643400000e+00  3.4048947e-03  3.4048799e-03  1.5128533e-08
8.708800000e+00  3.3111519e-03  3.3111400e-03  1.5287025e-08
8.774200000e+00  3.2206049e-03  3.2205901e-03  1.5456062e-08
8.839600000e+00  3.1331241e-03  3.1331100e-03  1.5465409e-08
8.905000000e+00  3.0485863e-03  3.0485699e-03  1.5636916e-08
8.970400000e+00  2.9668736e-03  2.9668601e-03  1.5791291e-08
9.035800000e+00  2.8878740e-03  2.8878599e-03  1.6066777e-08
9.101200000e+00  2.8114800e-03  2.8114601e-03  1.6190252e-08
9.166600000e+00  2.7375897e-03  2.7375701e-03  1.6345652e-08
9.232000000e+00  2.6661056e-03  2.6660899e-03  1.6606312e-08
9.297400000e+00  2.5969342e-03  2.5969199e-03  1.6869354e-08
9.362800000e+00  2.5299857e-03  2.5299699e-03  1.6058028e-08
9.428200000e+00  2.4651726e-03  2.4651601e-03  1.1864639e-08
9.493600000e+00  2.4024184e-03  2.4024099e-03  9.0946852e-09
9.559000000e+00  2.3416507e-03  2.3416399e-03  1.2963942e-08
9.624400000e+00  2.2827816e-03  2.2827699e-03  9.9541499e-09
9.689800000e+00  2.2257519e-03  2.2257401e-03  1.1892168e-08
9.755200000e+00  2.1704868e-03  2.1704701e-03  1.2165191e-08
9.820600000e+00  2.1169242e-03  2.1169099e-03  1.3575443e-08
9.886000000e+00  2.0650007e-03  2.0649901e-03  1.5204811e-08
9.951400000e+00  2.0146562e-03  2.0146400e-03  1.6595098e-08
1.001680000e+01  1.9658334e-03  1.9658201e-03  1.7481308e-08
1.008220000e+01  1.9184775e-03  1.9184600e-03  1.8055367e-08
1.014760000e+01  1.8725361e-03  1.8725200e-03  1.8371111e-08
1.021300000e+01  1.8279592e-03  1.8279400e-03  1.8612917e-08
1.027840000e+01  1.7846985e-03  1.7846799e-03  1.8759686e-08
1.034380000e+01  1.7427075e-03  1.7426900e-03  1.8735606e-08
1.040920000e+01  1.7019421e-03  1.7019199e-03  1.8708839e-08
1.047460000e+01  1.6623599e-03  1.6623400e-03  1.8887205e-08
1.054000000e+01  1.6239197e-03  1.6239000e-03  1.8975711e-08
1.060540000e+01  1.5865822e-03  1.5865600e-03  1.9001284e-08
1.067080000e+01  1.5503100e-03  1.5502900e-03  1.9002562e-08
1.073620000e+01  1.5150666e-03  1.5150500e-03  1.8994241e-08
1.080160000e+01  1.4808175e-03  1.4808000e-03  1.9018087e-08
1.086700000e+01  1.4475292e-03  1.4475100e-03  1.9027629e-08
1.093240000e+01  1.4151696e-03  1.4151500e-03  1.9040617e-08
1.099780000e+01  1.3837079e-03  1.3836900e-03  1.9108218e-08
1.106320000e+01  1.3531141e-03  1.3530999e-03  1.9075875e-08
1.112860000e+01  1.3233601e-03  1.3233400e-03  1.9088007e-08
1.119400000e+01  1.2944181e-03  1.2944000e-03  1.9096856e-08
1.125940000e+01  1.2662620e-03  1.2662400e-03  1.9159919e-08
1.132480000e+01  1.2388661e-03  1.2388499e-03  1.9128762e-08
1.139020000e+01  1.2122060e-03  1.2121900e-03  1.9127261e-08
1.145560000e+01  1.1862582e-03  1.1862400e-03  1.9133894e-08
1.152100000e+01  1.1610001e-03  1.1609800e-03  1.9117113e-08
1.158640000e+01  1.1364096e-03  1.1363900e-03  1.9111058e-08
1.165180000e+01  1.1124659e-03  1.1124500e-03  1.9094873e-08
1.171720000e+01  1.0891488e-03  1.0891299e-03  1.9231230e-08
1.178260000e+01  1.0664384e-03  1.0664200e-03  1.9115575e-08
1.184800000e+01  1.0443161e-03  1.0443000e-03  1.9054021e-08
1.191340000e+01  1.0227638e-03  1.0227400e-03  1.9062104e-08
1.197880000e+01  1.0017638e-03  1.0017400e-03  1.9012906e-08
1.204420000e+01  9.8129942e-04  9.8128000e-04  1.9009918e-08
1.210960000e+01  9.6135432e-04  9.6133503e-04  1.9030377e-08
1.217500000e+01  9.4191268e-04  9.4189402e-04  1.8968094e-08
1.224040000e+01  9.2295950e-04  9.2294102e-04  1.8976173e-08
1.230580000e+01  9.0448009e-04  9.0446102e-04  1.9006613e-08
1.237120000e+01  8.8646030e-04  8.8644098e-04  1.9019506e-08
1.243660000e+01  8.6888650e-04  8.6886698e-04  1.9025261e-08
1.250200000e+01  8.5174557e-04  8.5172697e-04  1.9062704e-08
1.256740000e+01  8.3502472e-04  8.3500601e-04  1.9050884e-08
1.263280000e+01  8.1871202e-04  8.1869302e-04  1.9361378e-08
1.269820000e+01  8.0279436e-04  8.0277602e-04  1.8725020e-08
1.276360000e+01  7.8726191e-04  7.8724301e-04  1.8796948e-08
1.282900000e+01  7.7210279e-04  7.7208399e-04  1.8759478e-08
1.289440000e+01  7.5730641e-04  7.5728801e-04  1.8740265e-08
1.295980000e+01  7.4286244e-04  7.4284401e-04  1.8769612e-08
1.302520000e+01  7.2876088e-04  7.2874199e-04  1.8846967e-08
1.309060000e+01  7.1499194e-04  7.1497302e-04  1.8872826e-08
1.315600000e+01  7.0154649e-04  7.0152699e-04  1.9060209e-08
1.322140000e+01  6.8841517e-04  6.8839599e-04  1.9136076e-08
1.328680000e+01  6.7558914e-04  6.7556999e-04  1.9001187e-08
1.335220000e+01  6.6305986e-04  6.6304102e-04  1.8605950e-08
1.341760000e+01  6.5081930e-04  6.5080100e-04  1.8123829e-08
1.348300000e+01  6.3885728e-04  6.3884200e-04  1.5315533e-08
1.354840000e+01  6.2717242e-04  6.2715600e-04  1.6492208e-08
1.361380000e+01  6.1575160e-04  6.1573600e-04  1.5980656e-08
1.367920000e+01  6.0458976e-04  6.0457399e-04  1.5947209e-08
1.374460000e+01  5.9368022e-04  5.9366401e-04  1.6664460e-08
1.381000000e+01  5.8301434e-04  5.8299798e-04  1.6279516e-08
1.387540000e+01  5.7257928e-04  5.7257101e-04  8.5053067e-09
1.394080000e+01  5.6238937e-04  5.6237500e-04  1.4008425e-08
1.400620000e+01  5.5241883e-04  5.5240601e-04  1.3176143e-08
1.407160000e+01  5.4266779e-04  5.4265599e-04  1.2093901e-08
1.413700000e+01  5.3313028e-04  5.3312001e-04  1.0577743e-08
1.420240000e+01  5.2380095e-04  5.2379200e-04  8.8739449e-09
1.426780000e+01  5.1467495e-04  5.1466702e-04  7.5814661e-09
1.433320000e+01  5.0574703e-04  5.0574000e-04  6.7055960e-09
1.439860000e+01  4.9701152e-04  4.9700600e-04  5.7003723e-09
1.446400000e+01  4.8846434e-04  4.8845902e-04  5.4336720e-09
1.452940000e+01  4.8009998e-04  4.8009501e-04  5.2083621e-09
1.459480000e+01  4.7191381e-04  4.7190901e-04  5.0532317e-09
1.466020000e+01  4.6390134e-04  4.6389599e-04  5.0261577e-09
1.472560000e+01  4.5605809e-04  4.5605301e-04  5.0218051e-09
1.479100000e+01  4.4837971e-04  4.4837501e-04  4.9707075e-09
1.485640000e+01  4.4086220e-04  4.4085699e-04  4.9947726e-09
1.492180000e+01  4.3350137e-04  4.3349600e-04  4.9370086e-09
1.498720000e+01  4.2629328e-04  4.2628901e-04  4.7649705e-09
1.505260000e+01  4.1923466e-04  4.1923000e-04  4.9919629e-09
1.511800000e+01  4.1232120e-04  4.1231600e-04  4.9886926e-09
1.518340000e+01  4.0554962e-04  4.0554500e-04  5.0509567e-09
1.524880000e+01  3.9891633e-04  3.9891101e-04  5.0577060e-09
1.531420000e+01  3.9241798e-04  3.9241300e-04  5.0458619e-09
1.537960000e+01  3.8605131e-04  3.8604601e-04  5.0230782e-09
1.544500000e+01  3.7981339e-04  3.7980801e-04  5.2615303e-09
1.551040000e+01  3.7370070e-04  3.7369499e-04  5.3181393e-09
1.557580000e+01  3.6771065e-04  3.6770501e-04  5.6289407e-09
1.564120000e+01  3.6184024e-04  3.6183401e-04  6.1152881e-09
1.570660000e+01  3.5608622e-04  3.5608001e-04  6.3746360e-09
1.577200000e+01  3.5044640e-04  3.5043899e-04  6.9776110e-09
1.583740000e+01  3.4491811e-04  3.4490999e-04  7.9574471e-09
1.590280000e+01  3.3949822e-04  3.3948899e-04  8.7810414e-09
1.596820000e+01  3.3418502e-04  3.3417501e-04  1.0296530e-08
1.603360000e+01  3.2897443e-04  3.2896400e-04  1.0904786e-08
1.609900000e+01  3.2386692e-04  3.2385299e-04  1.3475847e-08
1.616440000e+01  3.1885148e-04  3.1884201e-04  9.3404502e-09
1.622980000e+01  3.1393741e-04  3.1392701e-04  1.0090950e-08
1.629520000e+01  3.0911970e-04  3.0910701e-04  1.2925416e-08
1.636060000e+01  3.0439223e-04  3.0437799e-04  1.3887883e-08
1.642600000e+01  2.9975261e-04  2.9974000e-04  1.2696478e-08
1.649140000e+01  2.9520319e-04  2.9518901e-04  1.3736224e-08
1.655680000e+01  2.9073801e-04  2.9072500e-04  1.3047192e-08
1.662220000e+01  2.8635873e-04  2.8634400e-04  1.4234125e-08
1.668760000e+01  2.8205993e-04  2.8204601e-04  1.3754328e-08
1.675300000e+01  2.7784104e-04  2.7782799e-04  1.2889256e-08
1.681840000e+01  2.7370275e-04  2.7368899e-04  1.4116106e-08
1.688380000e+01  2.6964025e-04  2.6962601e-04  1.4369183e-08
1.694920000e+01  2.6565273e-04  2.6563799e-04  1.4549047e-08
1.701460000e+01  2.6173853e-04  2.6172400e-04  1.4634642e-08
1.708000000e+01  2.5789602e-04  2.5788101e-04  1.4626730e-08
1.714540000e+01  2.5412371e-04  2.5410901e-04  1.4605045e-08
1.721080000e+01  2.5041991e-04  2.5040601e-04  1.4399347e-08
1.727620000e+01  2.4678354e-04  2.4676899e-04  1.4449890e-08
1.734160000e+01  2.4321264e-04  2.4319800e-04  1.4228092e-08
1.740700000e+01  2.3970619e-04  2.3969200e-04  1.4144462e-08
1.747240000e+01  2.3626263e-04  2.3624900e-04  1.4026393e-08
1.753780000e+01  2.3288074e-04  2.3286699e-04  1.4001559e-08
1.760320000e+01  2.2955919e-04  2.2954500e-04  1.4045524e-08
1.766860000e+01  2.2629617e-04  2.2628299e-04  1.3643608e-08
1.773400000e+01  2.2309124e-04  2.2307799e-04  1.3611240e-08
1.779940000e+01  2.1994261e-04  2.1992900e-04  1.3362337e-08
1.786480000e+01  2.1684935e-04  2.1683599e-04  1.3176130e-08
1.793020000e+01  2.1381042e-04  2.1379700e-04  1.3156303e-08
1.799560000e+01  2.1082457e-04  2.1081101e-04  1.3193408e-08
1.806100000e+01  2.0789049e-04  2.0787700e-04  1.3091980e-08
1.812640000e+01  2.0500722e-04  2.0499399e-04  1.2962696e-08
1.819180000e+01  2.0217408e-04  2.0216100e-04  1.3170184e-08
1.825720000e+01  1.9938958e-04  1.9937599e-04  1.3268134e-08
1.832260000e+01  1.9665243e-04  1.9663900e-04  1.2953290e-08
1.838800000e+01  1.9396220e-04  1.9394900e-04  1.2796960e-08
1.845340000e+01  1.9131785e-04  1.9130499e-04  1.2690312e-08
1.851880000e+01  1.8871834e-04  1.8870601e-04  1.2541016e-08
1.858420000e+01  1.8616286e-04  1.8615001e-04  1.2435639e-08
1.864960000e+01  1.8365068e-04  1.8363800e-04  1.2557359e-08
1.871500000e+01  1.8118037e-04  1.8116800e-04  1.2322517e-08
1.878040000e+01  1.7875147e-04  1.7873901e-04  1.2128209e-08
1.884580000e+01  1.7636323e-04  1.7635099e-04  1.2054232e-08
1.891120000e+01  1.7401490e-04  1.7400300e-04  1.2154671e-08
1.897660000e+01  1.7170559e-04  1.7169300e-04  1.2333031e-08
1.904200000e+01  1.6943399e-04  1.6942200e-04  1.2050556e-08
1.910740000e+01  1.6720001e-04  1.6718800e-04  1.1969595e-08
1.917280000e+01  1.6500272e-04  1.6499100e-04  1.1907605e-08
1.923820000e+01  1.6284162e-04  1.6282999e-04  1.2068786e-08
1.930360000e+01  1.6071533e-04  1.6070400e-04  1.1781708e-08
1.936900000e+01  1.5862414e-04  1.5861201e-04  1.2021070e-08
1.943440000e+01  1.5656631e-04  1.5655500e-04  1.1729940e-08
1.949980000e+01  1.5454177e-04  1.5453000e-04  1.1488963e-08
1.956520000e+01  1.5255021e-04  1.5253900e-04  1.1634815e-08
1.963060000e+01  1.5059033e-04  1.5057900e-04  1.1481640e-08
1.969600000e+01  1.4866185e-04  1.4865000e-04  1.1376997e-08
1.976140000e+01  1.4676429e-04  1.4675299e-04  1.1437917e-08
1.982680000e+01  1.4489688e-04  1.4488499e-04  1.1470787e-08
1.989220000e+01  1.4305888e-04  1.4304800e-04  1.1320771e-08
1.995760000e+01  1.4124994e-04  1.4123900e-04  1.1201589e-08
