# WARNING | PUMAS | Some species, NO, HNO3, do not have optimized correlated-k tables for the defined moderate resolutions, and will be analyzed at sub-par resolutions. In particular, there will be issues at the line cores.
# WARNING | PUMAS | The maximum asymmetry has been capped to 0.01 for these high observing angles.
# 3D spectroscopic simulation - Spatial binning of 5 (198 calculations)
# ------------------------------------------------------------------------
# Radiance spectrum
# NASA-GSFC Planetary Spectrum Generator (PSG) (Villanueva et al. 2018, 2022)
# Synthesized on Mon Feb 26 16:08:13 2024
# Doppler velocities [km/s] (vobs,vrot+vorb,vwidth,vrfl,vstr): -21.10000,0.00000,0.00000,0.00000,-0.00117
# ------------------------------------------------------------------------
# Spectra synthesized with the Planetary and Universal Model of Atmospheric Scattering (PUMAS, Villanueva et al. 2018, 2022)
# Muliple scattering method employing PSGDORT, NMAX:2 / LMAX:4 / gMAX:0.01
# ------------------------------------------------------------------------
# Spectral unit: Wavelength [um]
# Radiance unit: Spectral radiance [W/sr/m2/um]
# Wave/freq Total Stellar Proxima-Cen-b
4.000000000e+00  5.1704964e-02  5.1704999e-02  2.7023688e-09
4.065400000e+00  4.9007645e-02  4.9007598e-02  2.0788259e-09
4.130800000e+00  4.6481283e-02  4.6481300e-02  1.6463318e-09
4.196200000e+00  4.4113271e-02  4.4113301e-02  1.7707032e-10
4.261600000e+00  4.1892052e-02  4.1892100e-02  5.9934714e-12
4.327000000e+00  3.9807018e-02  3.9806999e-02  9.1608215e-12
4.392400000e+00  3.7848424e-02  3.7848402e-02  5.1612701e-11
4.457800000e+00  3.6007319e-02  3.6007300e-02  9.4365029e-10
4.523200000e+00  3.4275470e-02  3.4275498e-02  2.0069215e-09
4.588600000e+00  3.2645294e-02  3.2645300e-02  2.1904976e-09
4.654000000e+00  3.1109804e-02  3.1109801e-02  2.2389111e-09
4.719400000e+00  2.9662565e-02  2.9662600e-02  1.9281060e-09
4.784800000e+00  2.8297633e-02  2.8297599e-02  2.0490731e-09
4.850200000e+00  2.7009522e-02  2.7009500e-02  2.0968595e-09
4.915600000e+00  2.5793159e-02  2.5793200e-02  2.4160202e-09
4.981000000e+00  2.4643857e-02  2.4643900e-02  2.4703869e-09
5.046400000e+00  2.3557273e-02  2.3557300e-02  2.6036655e-09
5.111800000e+00  2.2529388e-02  2.2529401e-02  2.5549097e-09
5.177200000e+00  2.1556475e-02  2.1556500e-02  2.4656298e-09
5.242600000e+00  2.0635079e-02  2.0635100e-02  2.6231487e-09
5.308000000e+00  1.9761990e-02  1.9762000e-02  2.7812929e-09
5.373400000e+00  1.8934228e-02  1.8934200e-02  2.7696163e-09
5.438800000e+00  1.8149023e-02  1.8149000e-02  2.4735972e-09
5.504200000e+00  1.7403800e-02  1.7403800e-02  2.8600440e-09
5.569600000e+00  1.6696160e-02  1.6696200e-02  2.3823211e-09
5.635000000e+00  1.6023869e-02  1.6023900e-02  2.2303392e-09
5.700400000e+00  1.5384847e-02  1.5384800e-02  2.1704449e-09
5.765800000e+00  1.4777151e-02  1.4777100e-02  2.1530296e-09
5.831200000e+00  1.4198971e-02  1.4199000e-02  2.2211149e-09
5.896600000e+00  1.3648615e-02  1.3648600e-02  1.8591112e-09
5.962000000e+00  1.3124503e-02  1.3124500e-02  1.9094275e-09
6.027400000e+00  1.2625157e-02  1.2625200e-02  2.1836872e-09
6.092800000e+00  1.2149197e-02  1.2149200e-02  2.1129863e-09
6.158200000e+00  1.1695327e-02  1.1695300e-02  2.5633963e-09
6.223600000e+00  1.1262338e-02  1.1262300e-02  3.8923759e-09
6.289000000e+00  1.0849094e-02  1.0849100e-02  4.9214979e-09
6.354400000e+00  1.0454527e-02  1.0454500e-02  2.9064253e-09
6.419800000e+00  1.0077643e-02  1.0077600e-02  2.4955776e-09
6.485200000e+00  9.7175048e-03  9.7174998e-03  2.3912765e-09
6.550600000e+00  9.3732318e-03  9.3732299e-03  2.4998921e-09
6.616000000e+00  9.0439969e-03  9.0439897e-03  2.6239836e-09
6.681400000e+00  8.7290240e-03  8.7290201e-03  3.8396361e-09
6.746800000e+00  8.4275817e-03  8.4275799e-03  5.8824773e-09
6.812200000e+00  8.1389782e-03  8.1389695e-03  4.7611211e-09
6.877600000e+00  7.8625708e-03  7.8625698e-03  5.5739877e-09
6.943000000e+00  7.5977472e-03  7.5977398e-03  6.3367368e-09
7.008400000e+00  7.3439324e-03  7.3439302e-03  6.7817801e-09
7.073800000e+00  7.1005851e-03  7.1005798e-03  7.9531046e-09
7.139200000e+00  6.8671911e-03  6.8671801e-03  6.8774744e-09
7.204600000e+00  6.6432725e-03  6.6432599e-03  8.4281466e-09
7.270000000e+00  6.4283696e-03  6.4283600e-03  8.5212814e-09
7.335400000e+00  6.2220537e-03  6.2220399e-03  8.8304250e-09
7.400800000e+00  6.0239185e-03  6.0239099e-03  9.8113642e-09
7.466200000e+00  5.8335775e-03  5.8335699e-03  9.5448044e-09
7.531600000e+00  5.6506693e-03  5.6506600e-03  1.0449978e-08
7.597000000e+00  5.4748478e-03  5.4748398e-03  1.0419096e-08
7.662400000e+00  5.3057885e-03  5.3057801e-03  1.0797800e-08
7.727800000e+00  5.1431824e-03  5.1431698e-03  1.1104577e-08
7.793200000e+00  4.9867371e-03  4.9867299e-03  1.1314340e-08
7.858600000e+00  4.8361758e-03  4.8361602e-03  1.1414922e-08
7.924000000e+00  4.6912360e-03  4.6912199e-03  1.1721657e-08
7.989400000e+00  4.5516682e-03  4.5516598e-03  1.1862160e-08
8.054800000e+00  4.4172364e-03  4.4172201e-03  1.2088898e-08
8.120200000e+00  4.2877160e-03  4.2877002e-03  1.2242559e-08
8.185600000e+00  4.1628940e-03  4.1628801e-03  1.2519239e-08
8.251000000e+00  4.0425680e-03  4.0425598e-03  1.2711526e-08
8.316400000e+00  3.9265456e-03  3.9265300e-03  1.2837929e-08
8.381800000e+00  3.8146441e-03  3.8146300e-03  1.3014454e-08
8.447200000e+00  3.7066895e-03  3.7066799e-03  1.3202867e-08
8.512600000e+00  3.6025166e-03  3.6025001e-03  1.3439321e-08
8.578000000e+00  3.5019677e-03  3.5019501e-03  1.3522958e-08
8.643400000e+00  3.4048932e-03  3.4048799e-03  1.3631829e-08
8.708800000e+00  3.3111504e-03  3.3111400e-03  1.3782384e-08
8.774200000e+00  3.2206034e-03  3.2205901e-03  1.3935242e-08
8.839600000e+00  3.1331226e-03  3.1331100e-03  1.3976648e-08
8.905000000e+00  3.0485848e-03  3.0485699e-03  1.4134586e-08
8.970400000e+00  2.9668721e-03  2.9668601e-03  1.4293641e-08
9.035800000e+00  2.8878725e-03  2.8878599e-03  1.4548113e-08
9.101200000e+00  2.8114785e-03  2.8114601e-03  1.4679962e-08
9.166600000e+00  2.7375882e-03  2.7375701e-03  1.4867971e-08
9.232000000e+00  2.6661041e-03  2.6660899e-03  1.5186977e-08
9.297400000e+00  2.5969328e-03  2.5969199e-03  1.5453722e-08
9.362800000e+00  2.5299844e-03  2.5299699e-03  1.4701417e-08
9.428200000e+00  2.4651720e-03  2.4651601e-03  1.1291314e-08
9.493600000e+00  2.4024183e-03  2.4024099e-03  8.9479738e-09
9.559000000e+00  2.3416499e-03  2.3416399e-03  1.2157268e-08
9.624400000e+00  2.2827813e-03  2.2827699e-03  9.6269694e-09
9.689800000e+00  2.2257513e-03  2.2257401e-03  1.1342497e-08
9.755200000e+00  2.1704862e-03  2.1704701e-03  1.1616615e-08
9.820600000e+00  2.1169234e-03  2.1169099e-03  1.2797572e-08
9.886000000e+00  2.0649996e-03  2.0649901e-03  1.4132674e-08
9.951400000e+00  2.0146549e-03  2.0146400e-03  1.5269046e-08
1.001680000e+01  1.9658319e-03  1.9658201e-03  1.6012758e-08
1.008220000e+01  1.9184759e-03  1.9184600e-03  1.6506881e-08
1.014760000e+01  1.8725346e-03  1.8725200e-03  1.6819612e-08
1.021300000e+01  1.8279577e-03  1.8279400e-03  1.7081697e-08
1.027840000e+01  1.7846969e-03  1.7846799e-03  1.7234552e-08
1.034380000e+01  1.7427059e-03  1.7426900e-03  1.7176705e-08
1.040920000e+01  1.7019405e-03  1.7019199e-03  1.7117264e-08
1.047460000e+01  1.6623583e-03  1.6623400e-03  1.7318106e-08
1.054000000e+01  1.6239181e-03  1.6239000e-03  1.7401636e-08
1.060540000e+01  1.5865807e-03  1.5865600e-03  1.7432765e-08
1.067080000e+01  1.5503084e-03  1.5502900e-03  1.7422677e-08
1.073620000e+01  1.5150650e-03  1.5150500e-03  1.7398717e-08
1.080160000e+01  1.4808159e-03  1.4808000e-03  1.7401397e-08
1.086700000e+01  1.4475276e-03  1.4475100e-03  1.7415069e-08
1.093240000e+01  1.4151680e-03  1.4151500e-03  1.7431592e-08
1.099780000e+01  1.3837062e-03  1.3836900e-03  1.7485092e-08
1.106320000e+01  1.3531125e-03  1.3530999e-03  1.7468580e-08
1.112860000e+01  1.3233585e-03  1.3233400e-03  1.7481730e-08
1.119400000e+01  1.2944165e-03  1.2944000e-03  1.7492453e-08
1.125940000e+01  1.2662604e-03  1.2662400e-03  1.7530795e-08
1.132480000e+01  1.2388645e-03  1.2388499e-03  1.7521906e-08
1.139020000e+01  1.2122044e-03  1.2121900e-03  1.7526606e-08
1.145560000e+01  1.1862566e-03  1.1862400e-03  1.7534366e-08
1.152100000e+01  1.1609985e-03  1.1609800e-03  1.7529267e-08
1.158640000e+01  1.1364081e-03  1.1363900e-03  1.7531703e-08
1.165180000e+01  1.1124644e-03  1.1124500e-03  1.7521565e-08
1.171720000e+01  1.0891472e-03  1.0891299e-03  1.7618862e-08
1.178260000e+01  1.0664368e-03  1.0664200e-03  1.7538725e-08
1.184800000e+01  1.0443145e-03  1.0443000e-03  1.7500743e-08
1.191340000e+01  1.0227622e-03  1.0227400e-03  1.7508848e-08
1.197880000e+01  1.0017623e-03  1.0017400e-03  1.7476525e-08
1.204420000e+01  9.8129790e-04  9.8128000e-04  1.7487185e-08
1.210960000e+01  9.6135278e-04  9.6133503e-04  1.7487870e-08
1.217500000e+01  9.4191117e-04  9.4189402e-04  1.7464428e-08
1.224040000e+01  9.2295801e-04  9.2294102e-04  1.7487938e-08
1.230580000e+01  9.0447861e-04  9.0446102e-04  1.7523098e-08
1.237120000e+01  8.8645882e-04  8.8644098e-04  1.7539714e-08
1.243660000e+01  8.6888503e-04  8.6886698e-04  1.7554268e-08
1.250200000e+01  8.5174406e-04  8.5172697e-04  1.7549410e-08
1.256740000e+01  8.3502318e-04  8.3500601e-04  1.7518798e-08
1.263280000e+01  8.1871079e-04  8.1869302e-04  1.8131665e-08
1.269820000e+01  8.0279292e-04  8.0277602e-04  1.7288386e-08
1.276360000e+01  7.8726045e-04  7.8724301e-04  1.7341656e-08
1.282900000e+01  7.7210138e-04  7.7208399e-04  1.7349596e-08
1.289440000e+01  7.5730503e-04  7.5728801e-04  1.7360688e-08
1.295980000e+01  7.4286113e-04  7.4284401e-04  1.7458189e-08
1.302520000e+01  7.2875961e-04  7.2874199e-04  1.7580535e-08
1.309060000e+01  7.1499074e-04  7.1497302e-04  1.7668712e-08
1.315600000e+01  7.0154537e-04  7.0152699e-04  1.7945230e-08
1.322140000e+01  6.8841418e-04  6.8839599e-04  1.8143141e-08
1.328680000e+01  6.7558822e-04  6.7556999e-04  1.8080134e-08
1.335220000e+01  6.6305902e-04  6.6304102e-04  1.7770107e-08
1.341760000e+01  6.5081855e-04  6.5080100e-04  1.7371929e-08
1.348300000e+01  6.3885682e-04  6.3884200e-04  1.4846410e-08
1.354840000e+01  6.2717187e-04  6.2715600e-04  1.5942083e-08
1.361380000e+01  6.1575106e-04  6.1573600e-04  1.5444928e-08
1.367920000e+01  6.0458922e-04  6.0457399e-04  1.5399291e-08
1.374460000e+01  5.9367963e-04  5.9366401e-04  1.6081398e-08
1.381000000e+01  5.8301382e-04  5.8299798e-04  1.5764470e-08
1.387540000e+01  5.7257915e-04  5.7257101e-04  8.3682885e-09
1.394080000e+01  5.6238902e-04  5.6237500e-04  1.3663138e-08
1.400620000e+01  5.5241852e-04  5.5240601e-04  1.2860003e-08
1.407160000e+01  5.4266755e-04  5.4265599e-04  1.1848435e-08
1.413700000e+01  5.3313009e-04  5.3312001e-04  1.0381753e-08
1.420240000e+01  5.2380081e-04  5.2379200e-04  8.7340921e-09
1.426780000e+01  5.1467484e-04  5.1466702e-04  7.4654552e-09
1.433320000e+01  5.0574692e-04  5.0574000e-04  6.5986711e-09
1.439860000e+01  4.9701145e-04  4.9700600e-04  5.6312519e-09
1.446400000e+01  4.8846428e-04  4.8845902e-04  5.3748302e-09
1.452940000e+01  4.8009995e-04  4.8009501e-04  5.1731042e-09
1.459480000e+01  4.7191382e-04  4.7190901e-04  5.0656049e-09
1.466020000e+01  4.6390136e-04  4.6389599e-04  5.0465079e-09
1.472560000e+01  4.5605812e-04  4.5605301e-04  5.0522482e-09
1.479100000e+01  4.4837976e-04  4.4837501e-04  5.0200830e-09
1.485640000e+01  4.4086224e-04  4.4085699e-04  5.0351122e-09
1.492180000e+01  4.3350143e-04  4.3349600e-04  4.9967001e-09
1.498720000e+01  4.2629334e-04  4.2628901e-04  4.8261392e-09
1.505260000e+01  4.1923471e-04  4.1923000e-04  5.0393124e-09
1.511800000e+01  4.1232124e-04  4.1231600e-04  5.0294644e-09
1.518340000e+01  4.0554966e-04  4.0554500e-04  5.0807937e-09
1.524880000e+01  3.9891636e-04  3.9891101e-04  5.0835405e-09
1.531420000e+01  3.9241801e-04  3.9241300e-04  5.0762808e-09
1.537960000e+01  3.8605133e-04  3.8604601e-04  5.0459311e-09
1.544500000e+01  3.7981336e-04  3.7980801e-04  5.2323507e-09
1.551040000e+01  3.7370067e-04  3.7369499e-04  5.2846430e-09
1.557580000e+01  3.6771058e-04  3.6770501e-04  5.5647260e-09
1.564120000e+01  3.6184014e-04  3.6183401e-04  6.0207982e-09
1.570660000e+01  3.5608613e-04  3.5608001e-04  6.2831892e-09
1.577200000e+01  3.5044629e-04  3.5043899e-04  6.8693669e-09
1.583740000e+01  3.4491798e-04  3.4490999e-04  7.8251559e-09
1.590280000e+01  3.3949806e-04  3.3948899e-04  8.6254583e-09
1.596820000e+01  3.3418478e-04  3.3417501e-04  1.0058861e-08
1.603360000e+01  3.2897415e-04  3.2896400e-04  1.0631073e-08
1.609900000e+01  3.2386647e-04  3.2385299e-04  1.3028319e-08
1.616440000e+01  3.1885129e-04  3.1884201e-04  9.1552573e-09
1.622980000e+01  3.1393717e-04  3.1392701e-04  9.8482748e-09
1.629520000e+01  3.0911926e-04  3.0910701e-04  1.2486851e-08
1.636060000e+01  3.0439174e-04  3.0437799e-04  1.3402260e-08
1.642600000e+01  2.9975221e-04  2.9974000e-04  1.2293203e-08
1.649140000e+01  2.9520270e-04  2.9518901e-04  1.3249083e-08
1.655680000e+01  2.9073756e-04  2.9072500e-04  1.2601511e-08
1.662220000e+01  2.8635818e-04  2.8634400e-04  1.3681598e-08
1.668760000e+01  2.8205940e-04  2.8204601e-04  1.3225146e-08
1.675300000e+01  2.7784063e-04  2.7782799e-04  1.2475218e-08
1.681840000e+01  2.7370208e-04  2.7368899e-04  1.3445635e-08
1.688380000e+01  2.6963925e-04  2.6962601e-04  1.3374890e-08
1.694920000e+01  2.6565204e-04  2.6563799e-04  1.3853122e-08
1.701460000e+01  2.6173787e-04  2.6172400e-04  1.3970856e-08
1.708000000e+01  2.5789526e-04  2.5788101e-04  1.3869676e-08
1.714540000e+01  2.5412295e-04  2.5410901e-04  1.3846412e-08
1.721080000e+01  2.5041859e-04  2.5040601e-04  1.3080021e-08
1.727620000e+01  2.4678273e-04  2.4676899e-04  1.3641592e-08
1.734160000e+01  2.4321148e-04  2.4319800e-04  1.3068125e-08
1.740700000e+01  2.3970533e-04  2.3969200e-04  1.3282884e-08
1.747240000e+01  2.3626177e-04  2.3624900e-04  1.3172649e-08
1.753780000e+01  2.3287965e-04  2.3286699e-04  1.2907194e-08
1.760320000e+01  2.2955798e-04  2.2954500e-04  1.2836385e-08
1.766860000e+01  2.2629516e-04  2.2628299e-04  1.2634485e-08
1.773400000e+01  2.2309008e-04  2.2307799e-04  1.2445173e-08
1.779940000e+01  2.1994176e-04  2.1992900e-04  1.2517536e-08
1.786480000e+01  2.1684854e-04  2.1683599e-04  1.2358400e-08
1.793020000e+01  2.1380959e-04  2.1379700e-04  1.2324666e-08
1.799560000e+01  2.1082363e-04  2.1081101e-04  1.2256857e-08
1.806100000e+01  2.0788956e-04  2.0787700e-04  1.2165252e-08
1.812640000e+01  2.0500640e-04  2.0499399e-04  1.2133841e-08
1.819180000e+01  2.0217310e-04  2.0216100e-04  1.2189590e-08
1.825720000e+01  1.9938852e-04  1.9937599e-04  1.2204545e-08
1.832260000e+01  1.9665109e-04  1.9663900e-04  1.1613173e-08
1.838800000e+01  1.9396135e-04  1.9394900e-04  1.1944029e-08
1.845340000e+01  1.9131685e-04  1.9130499e-04  1.1687035e-08
1.851880000e+01  1.8871754e-04  1.8870601e-04  1.1736487e-08
1.858420000e+01  1.8616208e-04  1.8615001e-04  1.1659685e-08
1.864960000e+01  1.8364954e-04  1.8363800e-04  1.1415916e-08
1.871500000e+01  1.8117961e-04  1.8116800e-04  1.1563372e-08
1.878040000e+01  1.7875073e-04  1.7873901e-04  1.1395245e-08
1.884580000e+01  1.7636251e-04  1.7635099e-04  1.1331877e-08
1.891120000e+01  1.7401414e-04  1.7400300e-04  1.1392787e-08
1.897660000e+01  1.7170456e-04  1.7169300e-04  1.1306353e-08
1.904200000e+01  1.6943292e-04  1.6942200e-04  1.0977081e-08
1.910740000e+01  1.6719926e-04  1.6718800e-04  1.1221809e-08
1.917280000e+01  1.6500198e-04  1.6499100e-04  1.1160977e-08
1.923820000e+01  1.6284055e-04  1.6282999e-04  1.0990159e-08
1.930360000e+01  1.6071413e-04  1.6070400e-04  1.0580106e-08
1.936900000e+01  1.5862311e-04  1.5861201e-04  1.0993856e-08
1.943440000e+01  1.5656558e-04  1.5655500e-04  1.1008173e-08
1.949980000e+01  1.5454104e-04  1.5453000e-04  1.0763689e-08
1.956520000e+01  1.5254940e-04  1.5253900e-04  1.0826217e-08
1.963060000e+01  1.5058960e-04  1.5057900e-04  1.0754247e-08
1.969600000e+01  1.4866077e-04  1.4865000e-04  1.0298118e-08
1.976140000e+01  1.4676331e-04  1.4675299e-04  1.0454465e-08
1.982680000e+01  1.4489612e-04  1.4488499e-04  1.0710923e-08
1.989220000e+01  1.4305782e-04  1.4304800e-04  1.0263326e-08
1.995760000e+01  1.4124909e-04  1.4123900e-04  1.0353078e-08
