# WARNING | PUMAS | Some species, NO, HNO3, do not have optimized correlated-k tables for the defined moderate resolutions, and will be analyzed at sub-par resolutions. In particular, there will be issues at the line cores.
# WARNING | PUMAS | The maximum asymmetry has been capped to 0.01 for these high observing angles.
# 3D spectroscopic simulation - Spatial binning of 5 (216 calculations)
# ------------------------------------------------------------------------
# Radiance spectrum
# NASA-GSFC Planetary Spectrum Generator (PSG) (Villanueva et al. 2018, 2022)
# Synthesized on Mon Feb 26 14:01:52 2024
# Doppler velocities [km/s] (vobs,vrot+vorb,vwidth,vrfl,vstr): -21.10000,0.00000,0.00000,0.00000,-0.00126
# ------------------------------------------------------------------------
# Spectra synthesized with the Planetary and Universal Model of Atmospheric Scattering (PUMAS, Villanueva et al. 2018, 2022)
# Muliple scattering method employing PSGDORT, NMAX:2 / LMAX:4 / gMAX:0.01
# ------------------------------------------------------------------------
# Spectral unit: Wavelength [um]
# Radiance unit: Spectral radiance [W/sr/m2/um]
# Wave/freq Total Stellar Proxima-Cen-b
4.000000000e+00  5.1704962e-02  5.1704999e-02  8.3637931e-10
4.065400000e+00  4.9007643e-02  4.9007598e-02  6.2781223e-10
4.130800000e+00  4.6481282e-02  4.6481300e-02  5.2488027e-10
4.196200000e+00  4.4113271e-02  4.4113301e-02  8.2524802e-11
4.261600000e+00  4.1892052e-02  4.1892100e-02  5.9712921e-12
4.327000000e+00  3.9807018e-02  3.9806999e-02  9.7898878e-12
4.392400000e+00  3.7848424e-02  3.7848402e-02  4.0339884e-11
4.457800000e+00  3.6007319e-02  3.6007300e-02  5.4017871e-10
4.523200000e+00  3.4275469e-02  3.4275498e-02  8.0238812e-10
4.588600000e+00  3.2645293e-02  3.2645300e-02  8.6211017e-10
4.654000000e+00  3.1109803e-02  3.1109801e-02  8.8323794e-10
4.719400000e+00  2.9662563e-02  2.9662600e-02  7.9978761e-10
4.784800000e+00  2.8297632e-02  2.8297599e-02  9.1543946e-10
4.850200000e+00  2.7009521e-02  2.7009500e-02  1.0578364e-09
4.915600000e+00  2.5793158e-02  2.5793200e-02  1.0836124e-09
4.981000000e+00  2.4643855e-02  2.4643900e-02  1.1347667e-09
5.046400000e+00  2.3557272e-02  2.3557300e-02  1.2129064e-09
5.111800000e+00  2.2529387e-02  2.2529401e-02  1.2898126e-09
5.177200000e+00  2.1556474e-02  2.1556500e-02  1.4045214e-09
5.242600000e+00  2.0635078e-02  2.0635100e-02  1.5355967e-09
5.308000000e+00  1.9761989e-02  1.9762000e-02  1.6276299e-09
5.373400000e+00  1.8934227e-02  1.8934200e-02  1.7677359e-09
5.438800000e+00  1.8149023e-02  1.8149000e-02  1.9785566e-09
5.504200000e+00  1.7403799e-02  1.7403800e-02  2.1463279e-09
5.569600000e+00  1.6696160e-02  1.6696200e-02  2.1904192e-09
5.635000000e+00  1.6023869e-02  1.6023900e-02  2.2039105e-09
5.700400000e+00  1.5384847e-02  1.5384800e-02  2.2763419e-09
5.765800000e+00  1.4777151e-02  1.4777100e-02  2.3008065e-09
5.831200000e+00  1.4198971e-02  1.4199000e-02  2.4476594e-09
5.896600000e+00  1.3648615e-02  1.3648600e-02  2.2155930e-09
5.962000000e+00  1.3124503e-02  1.3124500e-02  2.3084608e-09
6.027400000e+00  1.2625158e-02  1.2625200e-02  2.5747813e-09
6.092800000e+00  1.2149197e-02  1.2149200e-02  2.5675130e-09
6.158200000e+00  1.1695328e-02  1.1695300e-02  3.0610832e-09
6.223600000e+00  1.1262338e-02  1.1262300e-02  4.0355960e-09
6.289000000e+00  1.0849094e-02  1.0849100e-02  4.7244838e-09
6.354400000e+00  1.0454527e-02  1.0454500e-02  3.4780681e-09
6.419800000e+00  1.0077644e-02  1.0077600e-02  3.1271829e-09
6.485200000e+00  9.7175055e-03  9.7174998e-03  3.0423012e-09
6.550600000e+00  9.3732324e-03  9.3732299e-03  3.1646353e-09
6.616000000e+00  9.0439976e-03  9.0439897e-03  3.2957689e-09
6.681400000e+00  8.7290247e-03  8.7290201e-03  4.4598232e-09
6.746800000e+00  8.4275818e-03  8.4275799e-03  5.9064322e-09
6.812200000e+00  8.1389787e-03  8.1389695e-03  5.2269116e-09
6.877600000e+00  7.8625710e-03  7.8625698e-03  5.7514541e-09
6.943000000e+00  7.5977470e-03  7.5977398e-03  6.0857494e-09
7.008400000e+00  7.3439321e-03  7.3439302e-03  6.5187510e-09
7.073800000e+00  7.1005839e-03  7.1005798e-03  6.7782543e-09
7.139200000e+00  6.8671909e-03  6.8671801e-03  6.7071311e-09
7.204600000e+00  6.6432712e-03  6.6432599e-03  7.1081204e-09
7.270000000e+00  6.4283684e-03  6.4283600e-03  7.2458305e-09
7.335400000e+00  6.2220522e-03  6.2220399e-03  7.3146436e-09
7.400800000e+00  6.0239156e-03  6.0239099e-03  6.9231839e-09
7.466200000e+00  5.8335756e-03  5.8335699e-03  7.6894107e-09
7.531600000e+00  5.6506657e-03  5.6506600e-03  6.8647268e-09
7.597000000e+00  5.4748454e-03  5.4748398e-03  8.0628635e-09
7.662400000e+00  5.3057846e-03  5.3057801e-03  6.9240869e-09
7.727800000e+00  5.1431785e-03  5.1431698e-03  7.2388562e-09
7.793200000e+00  4.9867333e-03  4.9867299e-03  7.4748105e-09
7.858600000e+00  4.8361725e-03  4.8361602e-03  8.1123405e-09
7.924000000e+00  4.6912322e-03  4.6912199e-03  7.9225661e-09
7.989400000e+00  4.5516639e-03  4.5516598e-03  7.5624809e-09
8.054800000e+00  4.4172322e-03  4.4172201e-03  7.8412974e-09
8.120200000e+00  4.2877115e-03  4.2877002e-03  7.7697545e-09
8.185600000e+00  4.1628897e-03  4.1628801e-03  8.1682272e-09
8.251000000e+00  4.0425637e-03  4.0425598e-03  8.3198740e-09
8.316400000e+00  3.9265411e-03  3.9265300e-03  8.2888415e-09
8.381800000e+00  3.8146394e-03  3.8146300e-03  8.3376802e-09
8.447200000e+00  3.7066849e-03  3.7066799e-03  8.5334125e-09
8.512600000e+00  3.6025120e-03  3.6025001e-03  8.8843517e-09
8.578000000e+00  3.5019630e-03  3.5019501e-03  8.7916991e-09
8.643400000e+00  3.4048884e-03  3.4048799e-03  8.8128384e-09
8.708800000e+00  3.3111456e-03  3.3111400e-03  8.9614328e-09
8.774200000e+00  3.2205986e-03  3.2205901e-03  9.1335130e-09
8.839600000e+00  3.1331178e-03  3.1331100e-03  9.1376066e-09
8.905000000e+00  3.0485799e-03  3.0485699e-03  9.3114930e-09
8.970400000e+00  2.9668672e-03  2.9668601e-03  9.3816307e-09
9.035800000e+00  2.8878675e-03  2.8878599e-03  9.5753991e-09
9.101200000e+00  2.8114735e-03  2.8114601e-03  9.6808818e-09
9.166600000e+00  2.7375833e-03  2.7375701e-03  9.9052229e-09
9.232000000e+00  2.6660993e-03  2.6660899e-03  1.0328443e-08
9.297400000e+00  2.5969280e-03  2.5969199e-03  1.0641513e-08
9.362800000e+00  2.5299798e-03  2.5299699e-03  1.0198039e-08
9.428200000e+00  2.4651690e-03  2.4651601e-03  8.2591072e-09
9.493600000e+00  2.4024161e-03  2.4024099e-03  6.7355933e-09
9.559000000e+00  2.3416464e-03  2.3416399e-03  8.6396918e-09
9.624400000e+00  2.2827787e-03  2.2827699e-03  7.0587108e-09
9.689800000e+00  2.2257483e-03  2.2257401e-03  8.3418384e-09
9.755200000e+00  2.1704832e-03  2.1704701e-03  8.5508377e-09
9.820600000e+00  2.1169199e-03  2.1169099e-03  9.3189278e-09
9.886000000e+00  2.0649956e-03  2.0649901e-03  1.0113769e-08
9.951400000e+00  2.0146504e-03  2.0146400e-03  1.0741167e-08
1.001680000e+01  1.9658270e-03  1.9658201e-03  1.1106889e-08
1.008220000e+01  1.9184707e-03  1.9184600e-03  1.1333655e-08
1.014760000e+01  1.8725293e-03  1.8725200e-03  1.1570106e-08
1.021300000e+01  1.8279524e-03  1.8279400e-03  1.1837103e-08
1.027840000e+01  1.7846917e-03  1.7846799e-03  1.2040600e-08
1.034380000e+01  1.7427007e-03  1.7426900e-03  1.1902291e-08
1.040920000e+01  1.7019351e-03  1.7019199e-03  1.1768399e-08
1.047460000e+01  1.6623531e-03  1.6623400e-03  1.2074032e-08
1.054000000e+01  1.6239129e-03  1.6239000e-03  1.2194968e-08
1.060540000e+01  1.5865754e-03  1.5865600e-03  1.2202378e-08
1.067080000e+01  1.5503031e-03  1.5502900e-03  1.2165443e-08
1.073620000e+01  1.5150598e-03  1.5150500e-03  1.2118343e-08
1.080160000e+01  1.4808107e-03  1.4808000e-03  1.2125950e-08
1.086700000e+01  1.4475223e-03  1.4475100e-03  1.2136205e-08
1.093240000e+01  1.4151627e-03  1.4151500e-03  1.2157871e-08
1.099780000e+01  1.3837010e-03  1.3836900e-03  1.2251592e-08
1.106320000e+01  1.3531073e-03  1.3530999e-03  1.2226740e-08
1.112860000e+01  1.3233533e-03  1.3233400e-03  1.2259503e-08
1.119400000e+01  1.2944114e-03  1.2944000e-03  1.2289504e-08
1.125940000e+01  1.2662552e-03  1.2662400e-03  1.2386021e-08
1.132480000e+01  1.2388593e-03  1.2388499e-03  1.2371732e-08
1.139020000e+01  1.2121993e-03  1.2121900e-03  1.2395968e-08
1.145560000e+01  1.1862515e-03  1.1862400e-03  1.2430744e-08
1.152100000e+01  1.1609934e-03  1.1609800e-03  1.2438986e-08
1.158640000e+01  1.1364030e-03  1.1363900e-03  1.2466512e-08
1.165180000e+01  1.1124593e-03  1.1124500e-03  1.2477054e-08
1.171720000e+01  1.0891423e-03  1.0891299e-03  1.2679808e-08
1.178260000e+01  1.0664318e-03  1.0664200e-03  1.2571720e-08
1.184800000e+01  1.0443096e-03  1.0443000e-03  1.2533392e-08
1.191340000e+01  1.0227573e-03  1.0227400e-03  1.2579055e-08
1.197880000e+01  1.0017573e-03  1.0017400e-03  1.2559730e-08
1.204420000e+01  9.8129302e-04  9.8128000e-04  1.2608609e-08
1.210960000e+01  9.6134795e-04  9.6133503e-04  1.2663618e-08
1.217500000e+01  9.4190636e-04  9.4189402e-04  1.2649768e-08
1.224040000e+01  9.2295325e-04  9.2294102e-04  1.2726339e-08
1.230580000e+01  9.0447392e-04  9.0446102e-04  1.2835989e-08
1.237120000e+01  8.8645421e-04  8.8644098e-04  1.2927609e-08
1.243660000e+01  8.6888048e-04  8.6886698e-04  1.3007659e-08
1.250200000e+01  8.5173964e-04  8.5172697e-04  1.3125516e-08
1.256740000e+01  8.3501881e-04  8.3500601e-04  1.3145191e-08
1.263280000e+01  8.1870716e-04  8.1869302e-04  1.4495767e-08
1.269820000e+01  8.0278841e-04  8.0277602e-04  1.2779018e-08
1.276360000e+01  7.8725609e-04  7.8724301e-04  1.2978579e-08
1.282900000e+01  7.7209705e-04  7.7208399e-04  1.3018222e-08
1.289440000e+01  7.5730076e-04  7.5728801e-04  1.3090780e-08
1.295980000e+01  7.4285697e-04  7.4284401e-04  1.3304771e-08
1.302520000e+01  7.2875562e-04  7.2874199e-04  1.3588238e-08
1.309060000e+01  7.1498699e-04  7.1497302e-04  1.3920653e-08
1.315600000e+01  7.0154204e-04  7.0152699e-04  1.4613953e-08
1.322140000e+01  6.8841151e-04  6.8839599e-04  1.5468551e-08
1.328680000e+01  6.7558603e-04  6.7556999e-04  1.5895276e-08
1.335220000e+01  6.6305743e-04  6.6304102e-04  1.6169299e-08
1.341760000e+01  6.5081739e-04  6.5080100e-04  1.6213102e-08
1.348300000e+01  6.3885684e-04  6.3884200e-04  1.4878153e-08
1.354840000e+01  6.2717176e-04  6.2715600e-04  1.5829037e-08
1.361380000e+01  6.1575098e-04  6.1573600e-04  1.5368732e-08
1.367920000e+01  6.0458912e-04  6.0457399e-04  1.5305019e-08
1.374460000e+01  5.9367942e-04  5.9366401e-04  1.5857921e-08
1.381000000e+01  5.8301367e-04  5.8299798e-04  1.5610008e-08
1.387540000e+01  5.7257937e-04  5.7257101e-04  8.5889881e-09
1.394080000e+01  5.6238937e-04  5.6237500e-04  1.4007423e-08
1.400620000e+01  5.5241893e-04  5.5240601e-04  1.3277002e-08
1.407160000e+01  5.4266801e-04  5.4265599e-04  1.2311536e-08
1.413700000e+01  5.3313050e-04  5.3312001e-04  1.0798418e-08
1.420240000e+01  5.2380111e-04  5.2379200e-04  9.0372488e-09
1.426780000e+01  5.1467506e-04  5.1466702e-04  7.6907469e-09
1.433320000e+01  5.0574711e-04  5.0574000e-04  6.7901596e-09
1.439860000e+01  4.9701160e-04  4.9700600e-04  5.7745909e-09
1.446400000e+01  4.8846442e-04  4.8845902e-04  5.5060070e-09
1.452940000e+01  4.8010006e-04  4.8009501e-04  5.2854718e-09
1.459480000e+01  4.7191390e-04  4.7190901e-04  5.1459980e-09
1.466020000e+01  4.6390143e-04  4.6389599e-04  5.1201195e-09
1.472560000e+01  4.5605819e-04  4.5605301e-04  5.1219388e-09
1.479100000e+01  4.4837982e-04  4.4837501e-04  5.0766591e-09
1.485640000e+01  4.4086230e-04  4.4085699e-04  5.0960942e-09
1.492180000e+01  4.3350148e-04  4.3349600e-04  5.0476293e-09
1.498720000e+01  4.2629334e-04  4.2628901e-04  4.8230184e-09
1.505260000e+01  4.1923477e-04  4.1923000e-04  5.0958461e-09
1.511800000e+01  4.1232130e-04  4.1231600e-04  5.0880701e-09
1.518340000e+01  4.0554972e-04  4.0554500e-04  5.1491211e-09
1.524880000e+01  3.9891643e-04  3.9891101e-04  5.1527210e-09
1.531420000e+01  3.9241808e-04  3.9241300e-04  5.1430510e-09
1.537960000e+01  3.8605140e-04  3.8604601e-04  5.1117904e-09
1.544500000e+01  3.7981347e-04  3.7980801e-04  5.3372952e-09
1.551040000e+01  3.7370078e-04  3.7369499e-04  5.3934162e-09
1.557580000e+01  3.6771072e-04  3.6770501e-04  5.6974434e-09
1.564120000e+01  3.6184030e-04  3.6183401e-04  6.1821283e-09
1.570660000e+01  3.5608630e-04  3.5608001e-04  6.4509266e-09
1.577200000e+01  3.5044649e-04  3.5043899e-04  7.0672164e-09
1.583740000e+01  3.4491824e-04  3.4490999e-04  8.0810252e-09
1.590280000e+01  3.3949837e-04  3.3948899e-04  8.9332606e-09
1.596820000e+01  3.3418516e-04  3.3417501e-04  1.0442877e-08
1.603360000e+01  3.2897450e-04  3.2896400e-04  1.0976223e-08
1.609900000e+01  3.2386666e-04  3.2385299e-04  1.3219529e-08
1.616440000e+01  3.1885159e-04  3.1884201e-04  9.4566546e-09
1.622980000e+01  3.1393749e-04  3.1392701e-04  1.0175974e-08
1.629520000e+01  3.0911954e-04  3.0910701e-04  1.2762294e-08
1.636060000e+01  3.0439186e-04  3.0437799e-04  1.3516065e-08
1.642600000e+01  2.9975240e-04  2.9974000e-04  1.2487077e-08
1.649140000e+01  2.9520272e-04  2.9518901e-04  1.3267612e-08
1.655680000e+01  2.9073763e-04  2.9072500e-04  1.2669779e-08
1.662220000e+01  2.8635793e-04  2.8634400e-04  1.3434203e-08
1.668760000e+01  2.8205923e-04  2.8204601e-04  1.3055866e-08
1.675300000e+01  2.7784068e-04  2.7782799e-04  1.2530606e-08
1.681840000e+01  2.7370167e-04  2.7368899e-04  1.3039017e-08
1.688380000e+01  2.6963879e-04  2.6962601e-04  1.2912585e-08
1.694920000e+01  2.6565104e-04  2.6563799e-04  1.2856998e-08
1.701460000e+01  2.6173669e-04  2.6172400e-04  1.2793354e-08
1.708000000e+01  2.5789389e-04  2.5788101e-04  1.2492878e-08
1.714540000e+01  2.5412146e-04  2.5410901e-04  1.2350350e-08
1.721080000e+01  2.5041774e-04  2.5040601e-04  1.2237477e-08
1.727620000e+01  2.4678075e-04  2.4676899e-04  1.1654435e-08
1.734160000e+01  2.4321016e-04  2.4319800e-04  1.1750593e-08
1.740700000e+01  2.3970318e-04  2.3969200e-04  1.1136818e-08
1.747240000e+01  2.3625968e-04  2.3624900e-04  1.1074011e-08
1.753780000e+01  2.3287789e-04  2.3286699e-04  1.1150219e-08
1.760320000e+01  2.2955650e-04  2.2954500e-04  1.1357812e-08
1.766860000e+01  2.2629318e-04  2.2628299e-04  1.0657064e-08
1.773400000e+01  2.2308834e-04  2.2307799e-04  1.0708060e-08
1.779940000e+01  2.1993946e-04  2.1992900e-04  1.0214860e-08
1.786480000e+01  2.1684618e-04  2.1683599e-04  1.0000189e-08
1.793020000e+01  2.1380730e-04  2.1379700e-04  1.0030795e-08
1.799560000e+01  2.1082158e-04  2.1081101e-04  1.0207906e-08
1.806100000e+01  2.0788751e-04  2.0787700e-04  1.0111296e-08
1.812640000e+01  2.0500419e-04  2.0499399e-04  9.9282982e-09
1.819180000e+01  2.0217139e-04  2.0216100e-04  1.0475468e-08
1.825720000e+01  1.9938706e-04  1.9937599e-04  1.0742918e-08
1.832260000e+01  1.9665036e-04  1.9663900e-04  1.0883385e-08
1.838800000e+01  1.9395946e-04  1.9394900e-04  1.0052507e-08
1.845340000e+01  1.9131513e-04  1.9130499e-04  9.9706971e-09
1.851880000e+01  1.8871546e-04  1.8870601e-04  9.6572275e-09
1.858420000e+01  1.8615999e-04  1.8615001e-04  9.5689586e-09
1.864960000e+01  1.8364830e-04  1.8363800e-04  1.0170934e-08
1.871500000e+01  1.8117757e-04  1.8116800e-04  9.5276711e-09
1.878040000e+01  1.7874865e-04  1.7873901e-04  9.3129510e-09
1.884580000e+01  1.7636044e-04  1.7635099e-04  9.2656318e-09
1.891120000e+01  1.7401218e-04  1.7400300e-04  9.4326465e-09
1.897660000e+01  1.7170337e-04  1.7169300e-04  1.0114469e-08
1.904200000e+01  1.6943193e-04  1.6942200e-04  9.9928825e-09
1.910740000e+01  1.6719735e-04  1.6718800e-04  9.3166386e-09
1.917280000e+01  1.6500011e-04  1.6499100e-04  9.2964247e-09
1.923820000e+01  1.6283967e-04  1.6282999e-04  1.0109301e-08
1.930360000e+01  1.6071365e-04  1.6070400e-04  1.0098001e-08
1.936900000e+01  1.5862219e-04  1.5861201e-04  1.0070603e-08
1.943440000e+01  1.5656386e-04  1.5655500e-04  9.2855044e-09
1.949980000e+01  1.5453925e-04  1.5453000e-04  8.9683080e-09
1.956520000e+01  1.5254792e-04  1.5253900e-04  9.3458681e-09
1.963060000e+01  1.5058792e-04  1.5057900e-04  9.0800544e-09
1.969600000e+01  1.4865999e-04  1.4865000e-04  9.5239478e-09
1.976140000e+01  1.4676231e-04  1.4675299e-04  9.4589298e-09
1.982680000e+01  1.4489467e-04  1.4488499e-04  9.2647875e-09
1.989220000e+01  1.4305726e-04  1.4304800e-04  9.7049905e-09
1.995760000e+01  1.4124794e-04  1.4123900e-04  9.2029675e-09
